1.346050440654760205e+00
-4.418384211476485135e-02
6.756845977635622669e-01
-7.535160049455835209e-03
9.733164304327743266e-02
8.267013514738612984e-03
-5.349430379017575121e-02
-7.356038589128966604e-03
6.627612946394589172e-03
2.766099033641767919e-03
6.226026364891371415e-03
1.137656352348061575e-02
-8.126364927785379626e-05
-1.253348200742550669e-02
-1.733505561048211997e-03
6.966902990687450989e-03
6.439924104079388853e-04
-1.279945474799820118e-03
-3.259412168595800458e-04
-1.395276519830723804e-03
3.921227412808048706e-04
1.641695439651533368e-03
-4.004780850164482101e-04
-9.774806392031458978e-04
8.726891755086556290e-04
2.645538543116737035e-04
-1.399662075379163933e-03
2.661479672306620438e-04
1.158840220437648344e-03
-3.090247757111839544e-04
-6.276269401366863258e-04
2.300946023759886314e-04
1.035233154056620556e-04
2.371453830646730043e-01
-1.477882712145195676e-01
1.563667343683929067e-01
1.096542789395120454e-01
-5.465934181783881768e-02
-8.601254187544138397e-02
4.707923792733436502e-02
1.247194193200711412e-02
-2.259179485766322354e-02
5.729450190922477995e-03
-2.532904336826148628e-02
-4.865995663963513206e-03
1.330941436538811244e-02
-7.553689346190766525e-04
-3.899872584414592648e-04
1.642580773384831258e-03
5.549599213715171106e-04
-8.003724451855133860e-04
-2.117186199021585738e-03
-2.069185201980289668e-04
1.911705141015787026e-03
1.156264223308066863e-03
-4.550747891001393169e-04
-1.831104424340504640e-03
-7.959604772654649578e-04
1.824193657593641427e-03
1.209428445212162298e-03
-1.211443296738866750e-03
-9.501053724516573228e-04
4.246625467973785557e-04
4.468291741463205065e-04
4.039637401354350581e-04
-9.163609426256899755e-05
6.480622561305411644e-02
8.989264805261349967e-01
-3.445606384117800430e-02
4.432977092802764529e-02
1.281461653369206193e-03
-4.231184543086711353e-02
2.127014101659792725e-02
4.849604025935255226e-03
-6.645189036282320161e-03
1.407941936554857115e-03
1.276698211001659877e-03
1.060571750155146721e-03
-1.144388228910454049e-03
-2.200663674357597379e-03
-3.269264919873492940e-03
1.805965111402665826e-03
2.857871196232624009e-03
-2.430364190610207430e-04
-8.140092741888680945e-04
-6.881895536559087378e-04
-3.956357355978575041e-04
7.243181022426452851e-04
2.915078621883868061e-04
-2.827960964877825338e-04
1.456833410219807493e-04
1.487090478062903142e-05
-4.382881822404861589e-04
7.159600390818637991e-05
4.142256345433347050e-04
-8.275698772746359284e-06
-1.885931018793005163e-04
2.461337064012991053e-04
9.239977588708250898e-05
