6.986069310321550985e-01
-5.870288546262299179e-02
4.360711518019004251e-01
1.554411466540026321e-01
1.594017101183950735e-01
-8.469013751064097262e-02
-2.143330488596363950e-02
1.138183049596700955e-02
2.144423035451481930e-03
6.566056464734090423e-03
-1.319485223742244626e-02
-3.615368734002244065e-04
1.542562363612643220e-02
2.890730481717240850e-04
-4.006470055028709711e-03
-3.397572744752604817e-03
-3.456450002360856102e-03
2.189736010724579931e-03
1.927421024472458473e-03
2.089027479867720024e-03
9.874509377178312139e-05
-3.920829560908667411e-03
1.466297633328953170e-03
1.943319016270960483e-03
-3.029022162250034726e-03
4.649828722536418339e-04
2.288257137419587566e-03
-9.260854641233524833e-04
-7.828304585073739795e-04
3.850421954382142139e-04
2.597139894608355837e-05
4.705713160728577243e-05
-4.767682726838740157e-05
9.081671029760409741e-01
-6.220720908012029871e-02
6.869571878847983148e-01
-4.244409333032066883e-02
-5.140352591234589180e-02
1.107258714697473279e-02
3.351300774526315418e-02
4.901805630954814835e-03
-7.122634700723801983e-03
8.590271740238120818e-03
3.751540837455293737e-03
-9.893360737859858631e-03
-2.894278107503815006e-03
2.197285089385031705e-03
-2.638615109730551873e-03
1.317077655266211782e-03
3.901008494776178441e-03
2.012823061871261542e-03
-1.636849002406867140e-03
-4.303352708688324910e-03
6.048812294941051815e-04
2.793016150638147951e-03
-5.773606327948332039e-04
-7.743079317087464076e-04
-1.313362568512747234e-04
3.066620059120528830e-04
8.917330339499689434e-04
-3.972091554786460013e-04
-8.702815347759099542e-04
2.320579927244479518e-04
3.748122802139968921e-04
-2.037964644799078218e-05
-7.383939462039614313e-05
1.675962867343894214e-01
6.925852138230265131e-01
-4.457230372681386665e-02
6.998569299696814905e-02
1.889186117827437381e-02
5.719922397487912057e-03
-3.179184915077757647e-04
9.362683894597300868e-03
2.803276219980214545e-03
-6.605600766454769977e-04
-5.986321296702790985e-03
-6.220988633170185765e-03
9.119561783028114557e-03
2.499500909614024279e-03
-9.504301854343390893e-03
4.426450483878897522e-04
2.457447501251485821e-03
4.780792255155437540e-04
2.518642971546992352e-03
-1.239166106487093544e-03
-1.899044711770225130e-03
4.893953844201851775e-05
1.244462130822326928e-04
1.389250465711832456e-03
-8.063254096508031769e-05
-1.446886282555408850e-03
6.793576913016078711e-04
8.682380624831206916e-04
-6.848915518065894345e-04
-3.349544753636575544e-04
3.827960819979658977e-04
3.159661292561061338e-04
-5.412443382989233091e-05
