1.277685116026697987e+00
-3.335937275432847987e-02
5.152852302351980107e-01
1.329888067933300251e-03
8.982244908574618658e-02
-9.349254040934838403e-03
-6.616766719193291346e-02
6.690742439701927169e-03
1.357899774418738076e-02
-3.892312029680582413e-03
2.212364537965868551e-03
5.212884236889332029e-03
-2.796635033426295484e-04
-1.651724638563632124e-03
-2.145176370768627600e-04
-2.153583072740009909e-03
1.144063163233725541e-04
3.183419257510823261e-03
-5.804359259953134360e-04
-2.059301341047984051e-03
8.560288772121315984e-04
5.432089189785604521e-04
-6.425502871920758721e-04
2.784696897465237242e-04
2.732599880168788491e-04
-4.661207535555199474e-04
4.768968359997240191e-05
4.556663108498213853e-04
-4.207674049556789126e-04
-2.946490377478536886e-04
5.937714353936066839e-04
6.091577019200740888e-05
-4.552383197166299687e-04
2.191255811896868355e-01
-1.811920337484483057e-01
1.349988700468404690e-01
8.168926073925321385e-02
-4.621401635033376559e-02
-3.410362673358482977e-02
1.564462039358165135e-02
-3.950878139152478284e-03
7.340712354971680627e-03
1.290309183331873021e-02
-1.896031587253187503e-02
-5.133164184844011581e-03
6.946671961102475132e-03
3.954652634425784167e-04
1.508540974777279999e-03
7.409205254316523440e-05
-3.258877533011950850e-03
6.188073423263624334e-04
3.258458416808332307e-03
-8.367426949215787425e-04
-2.293904249758356613e-03
5.052233817935450864e-04
1.108456637979526697e-03
3.091977582839290531e-07
-2.262727758125515349e-04
-4.064741754748541955e-04
-1.910929857373704652e-04
6.055858718683124198e-04
2.522326527399825825e-04
-6.618658960599668739e-04
-1.796948184599449639e-04
5.609181603037661232e-04
8.599561263515493313e-05
5.689970999514410571e-02
7.929368530690076300e-01
-2.827701663228751605e-02
2.336831881168465602e-02
1.496887667472789193e-03
-4.224839739193345794e-02
1.647409726914667721e-02
1.632602546418884673e-03
-2.585213805364937768e-03
5.696532698546652625e-03
-5.158861833570982033e-03
-9.333286003703736202e-04
3.115855476771993687e-03
-2.873356795174998850e-04
-1.675802446550559875e-03
-2.219299657784649818e-04
5.677876631889676538e-04
6.813546587607722865e-04
4.442111025919636444e-04
-7.584761734868430624e-04
-1.006272178097095777e-03
6.480216531120999192e-04
9.866629213671235677e-04
-3.939526497287002427e-04
-6.324447639879932212e-04
1.525657526050784780e-04
2.478792893151712698e-04
1.322860014115974153e-04
-2.132413432991155824e-05
-2.064407201797442183e-04
8.426519896440731451e-06
3.609928741246308352e-04
2.593788101703448901e-05
