2.344184560282069063e-01
-5.629086674023461856e-02
1.150007342914535630e-01
2.493071146366122315e-01
5.816011030283696481e-02
-3.383681399816551583e-02
1.121862649812646780e-02
1.627104327857118241e-02
5.088059771503073911e-03
-9.608468143185751667e-03
-7.478086251882122039e-03
-2.075373456747560928e-03
-1.559450767307344818e-03
3.605112539751719174e-03
1.102066308621574547e-03
-2.275671003567473951e-03
-5.978714361680261035e-04
1.334055089722791920e-03
7.893092550669809655e-04
-7.746161557587414063e-04
-3.250321001366022447e-04
3.224287066504785671e-04
2.957003874648093467e-05
-3.168597730495583369e-05
2.303757440905300659e-05
-6.823044805723751396e-05
-4.230297957904690216e-05
7.474968706091648658e-05
3.824967900851372122e-05
-5.246639306655422183e-05
-2.740099989364818374e-05
3.577385582515020009e-05
2.138340351530148978e-05
9.154117634344804966e-01
-1.934909869235023477e-02
6.365118357528322113e-01
-2.451232595206641676e-02
5.390652679823158822e-03
-9.449819896470456823e-03
2.031076226903463441e-02
-4.677995246389038408e-03
-2.147016287743206721e-03
4.421116942021015121e-03
-6.972555020994961050e-03
2.120677211659417923e-03
2.829373749177855647e-03
-3.184770243525755187e-04
-2.286793394713451232e-03
-8.462555899766811916e-04
2.474951684369485969e-03
2.002875392645109233e-04
-1.479529912641827172e-03
-1.013347330142191769e-04
6.230490058995622827e-04
1.006830420250086068e-04
-2.353862158755627590e-04
1.695704750311898237e-05
4.894123636104428713e-05
-5.366443024804979994e-05
4.378368038417760477e-05
3.730466059793054504e-05
-6.550464272232057084e-05
-2.119733524490731189e-05
5.707674857007287195e-05
6.144605620060271538e-06
-2.989204611871232512e-05
6.038783166615609155e-02
5.319022660924309642e-01
-3.570165590816994083e-02
7.394946572644034433e-02
4.119840411624803300e-03
-1.732285558730563280e-02
2.044771555820206182e-03
7.046781658031041340e-03
-2.172711044027920545e-03
-1.411984626930011706e-02
-7.606675528178867204e-03
6.838886518934123721e-03
3.515799891819619896e-03
-2.068447450049520388e-03
-3.397605613374926961e-04
7.291621548867632417e-04
4.960642622165349971e-04
-8.233088374940368743e-06
-6.804415460995652531e-05
-2.594716364312824541e-04
-1.360538141395428301e-04
2.864026564186471940e-04
1.403445589139403946e-04
-2.347322515153117532e-04
-1.632626980691345437e-04
1.733521764883646837e-04
1.094541630350055799e-04
-9.749580695381197273e-05
-3.928845031777384770e-05
3.774699736446171744e-05
4.561676735344312835e-06
-2.672389536402713213e-07
3.692532947697939890e-06
