1.073602220867871715e+00
-4.087116769177343706e-02
5.512298595112017363e-01
4.471319013384120883e-02
1.393918654570002469e-01
-4.831873632355480203e-02
-5.805168443610469325e-02
7.318127572400044689e-03
7.214221606730034965e-03
1.250169186223886765e-02
-6.176335626113024085e-04
-1.306429836694418187e-02
-4.046981482269419554e-03
5.427730617247908569e-03
1.319119602285071316e-03
1.459616498486531681e-04
8.009534739549448168e-04
-1.762763902795055383e-03
7.876096117396970528e-06
6.248468377278345578e-04
-7.027328754093637797e-04
8.294829227518268639e-04
2.095116137982283832e-05
-1.161141000864178820e-03
1.201341745945115006e-03
4.710579480355825324e-04
-1.646850506297320525e-03
2.042960454870243274e-04
1.136558227891499261e-03
-4.267766516385268515e-04
-4.340334380161082572e-04
3.050781934422608214e-04
9.563886028880411042e-05
6.267831430072708931e-01
-1.012254535626764679e-01
4.380055440935693989e-01
5.648313330343171512e-03
-9.710166621802029940e-02
-2.858017441132020150e-04
5.724715775164156140e-02
8.879472911263967946e-04
4.090012408692073206e-04
-1.636875977069794652e-02
8.896072373883300716e-03
6.124751582399609769e-03
-5.318271269493099994e-03
4.485353832907509539e-03
1.647312393256534493e-03
-4.441596389206637317e-03
-8.689056078297707850e-04
6.530382225423078148e-04
5.690118837807415326e-04
1.469866204051595727e-03
-1.315229394595845589e-03
-1.334798286786579614e-03
2.246184612947671813e-03
1.541296613271857772e-04
-2.076614245477753640e-03
6.645032938245430286e-04
1.119448289958674576e-03
-7.315783646441020036e-04
-2.559066225033901701e-04
3.689178782510939389e-04
-1.092808662612149520e-04
-2.329618464202611044e-05
1.395035801322129347e-04
1.595062767189417419e-01
7.287271395233853033e-01
-1.061071677125501739e-01
3.881728278855546554e-02
1.171127156752977891e-03
7.852218798221768199e-04
2.506994952114147482e-02
-2.895448863995389675e-03
5.054639133239587426e-03
5.002591202919337175e-04
-2.704476256750009203e-03
-4.048094842996266020e-03
-4.368107510523673229e-03
5.537577184248177603e-03
5.349686126542066954e-03
-2.936466447278981203e-03
-1.179077264549915341e-03
-3.757662117925402996e-04
-6.950454787368703881e-04
1.803301645457445947e-03
1.121820350801688225e-05
-9.365305133531562961e-04
8.867629434651172612e-04
-4.733436351933263068e-04
-8.342790177195419246e-04
1.164902598108230256e-03
1.339228350833522097e-04
-1.049960444339737920e-03
3.226993477486037520e-04
6.024254309882518888e-04
-4.845904143901004881e-04
-2.071032910407898694e-04
3.062117198735647022e-04
