6.348166009741742499e-01
-3.900859506792338227e-02
3.169223649548653654e-01
1.502863213163580514e-01
9.263249603271321575e-02
-5.629663647102867152e-02
6.673185963733532094e-03
2.172546989953992504e-03
6.095126417036972853e-03
-2.024609691043637374e-03
-1.376195334950286280e-02
3.556392835415871697e-03
4.750038334138348764e-03
5.456323455827181458e-04
1.550927453004359406e-03
-1.763149041982856524e-03
-1.300259041834780872e-03
-7.675930677143021367e-05
5.157281393346334775e-04
7.239149562047749549e-04
-1.284671753952585076e-03
2.982816991002382699e-04
1.529710144573529678e-03
-9.957361414037410336e-04
-6.477720251131736029e-04
6.750417977246736751e-04
-2.561322582772067031e-04
-6.873213380060711451e-05
4.444167688347520429e-04
-2.349837889191383738e-04
-1.991599257381926140e-04
2.441660196023793237e-04
-1.774178477890045929e-05
8.562822564821594984e-01
6.272599867495596421e-03
5.886705590745858752e-01
-4.251361868289533358e-02
-3.486548011480766068e-02
6.920259078653286794e-03
2.128028575111585302e-02
-1.021151488214825970e-04
-1.221464513995488069e-02
7.246518793008106633e-03
1.714976506325173846e-03
-2.125728509652629467e-03
3.287035193276886900e-03
-2.029025157937589061e-03
-2.391141574513022065e-03
5.364527776146272913e-04
7.722275121643158453e-04
1.265442515755444298e-03
-9.702884462172225999e-04
-7.721323104138720422e-04
1.155934529248758705e-03
-5.461003492967684089e-05
-5.553455843511188742e-04
1.186847196795485577e-04
4.822378642597324765e-05
1.681874466297343231e-05
3.167263743788602861e-05
-4.933894837972363105e-05
-1.404986088115633668e-05
2.595748419802038187e-05
-8.831865540118653249e-06
5.155186391887275476e-05
6.843315532198791047e-05
1.554556201143748040e-01
5.701068539098254062e-01
-9.919162056566575847e-02
5.336774214830428131e-02
7.238764269368564742e-03
2.805496602016438641e-03
3.678447377129285319e-03
3.052502883230993457e-03
-2.598608822083800854e-03
-2.553602066202455929e-04
-6.290279403644420154e-03
7.078925470489918310e-04
9.246754444249502894e-03
-1.947626676461243836e-03
-3.526535905495004411e-03
1.162303192908820674e-04
-7.713719248131598342e-04
9.170420652528381462e-04
6.244498313999184312e-04
-3.007355371809482150e-04
7.738635178716886073e-05
-2.555725306730371690e-04
1.436492820916470043e-04
2.718561290353930550e-04
-4.579955141034875864e-04
-9.302811890915605852e-05
4.731853132425259834e-04
-5.763751431702573302e-05
-3.690048778905993874e-04
1.700068618244280640e-04
1.394555748501110335e-04
-1.231005742184160994e-04
4.084067133434809299e-05
