1.380950011498477181e+00
-3.896672383130737882e-02
7.479710433326813845e-01
2.892173448356562000e-03
1.162130540895922604e-01
6.157816727763615848e-03
-5.998175436841705899e-02
-9.990305486183286010e-03
1.212959891222540297e-02
6.837327701371629859e-03
5.309630030113649500e-03
1.028448162704886579e-02
-2.828589780533035617e-03
-1.662872298042163827e-02
1.364603676404324084e-03
1.083159980402832907e-02
-1.312751547410987004e-03
-2.422914955152053341e-03
-3.226022085809103685e-04
-1.910425010597165390e-03
2.179514629991219799e-03
2.480700661574880561e-03
-2.236208968273005557e-03
-1.611099446923578175e-03
1.319623725713474794e-03
1.205819942383149987e-04
-8.490980987733559842e-04
1.260074143323773772e-03
5.423566790405356291e-04
-8.973003454943108588e-04
1.524372920120790995e-04
-3.666039445671558962e-04
-4.288452860801780114e-04
2.499244983138352860e-01
-1.384358710637409451e-01
1.685707041045026167e-01
1.109475127650254994e-01
-5.722009692239159867e-02
-9.726110168019792834e-02
5.878722148183997825e-02
1.113039195981932114e-02
-3.467658402973075593e-02
-2.145538257056559418e-03
-1.816140958270316685e-02
-3.600954454389735759e-04
2.305867940395751881e-02
8.517292247397435963e-04
-3.287693920593112544e-03
6.010571488926516820e-04
-4.510908382389754840e-04
-5.843154171843754430e-04
-2.013685581265344752e-03
-5.377593550556118297e-06
2.606569967741566556e-03
9.637988740016137888e-04
-1.317442439969988442e-03
-2.002008707524671662e-03
-4.536987170693583646e-04
2.107587268195209706e-03
1.187076102653214504e-03
-1.022184972684674975e-03
-9.736289883726875500e-04
-3.053151295894644440e-04
6.401249959747826266e-04
1.327051694502266992e-03
-6.759736214384629320e-04
6.465510398322153740e-02
9.812754053858895320e-01
-5.622436331485495403e-02
4.797164897213561374e-02
4.100672996092435615e-03
-4.387767576781733542e-02
2.402382662833845925e-02
5.385879488167406338e-03
-8.022456195500635504e-03
3.064956198863965850e-03
6.925919514274310853e-04
-2.643800371127500337e-04
-1.445008479555680769e-03
-2.832852239864399029e-03
-6.722242351877939564e-04
3.058622772855454971e-03
1.200199959576131112e-03
-9.276442972666379926e-04
-6.604486271389252124e-04
-8.871007366490685003e-04
4.941908899904050865e-04
7.256475064881808771e-04
-6.510340903259489651e-04
2.275689627619043661e-04
7.666360115013332076e-04
-7.126316447996770050e-04
-5.939174652288506818e-04
5.322396014925942281e-04
5.799680736797129801e-04
-2.411599469748181002e-04
-3.387816137475068313e-05
-2.830434814393547661e-04
-4.996428546161180108e-04
