1.101274585614442358e+00
-6.269141687533223706e-02
6.103256767139311201e-01
3.892526057475591272e-02
1.521266564756335871e-01
-4.563984183471548467e-02
-7.477480718378159974e-02
1.000449850460803647e-02
1.141448958451145822e-02
1.205298591289729465e-02
-2.330943529670444474e-03
-1.437787607221020780e-02
-7.636006438387405240e-03
7.799951554342204364e-03
5.418236952238668878e-03
-4.460182286943308451e-04
-6.289067127601074853e-04
-2.745460210227071342e-03
-5.024886999464981590e-04
1.675742185288539967e-03
-1.375971406164957202e-06
2.613739892327251058e-04
-1.724271697504467526e-04
-1.301904706202583603e-03
1.289864442191918439e-03
1.097273647794290603e-03
-2.060678640353164406e-03
-1.681634831587989489e-04
1.935127174375072135e-03
-1.503178574886216539e-05
-9.179562911082588548e-04
-6.350532346817626362e-04
1.241430985131726430e-04
6.435608704435087368e-01
-1.154442791405330404e-01
4.582496014998194700e-01
1.239438222605540943e-02
-1.012795592226386349e-01
-4.343090412908413162e-03
7.234676367496442606e-02
-8.381009969726998382e-03
2.495430232137566852e-03
-1.850697447488787103e-02
1.166828755080167625e-02
1.034859123034461738e-02
-6.142471678339743793e-03
2.745719797734895700e-03
1.414757620288595004e-03
-4.960754320651819711e-03
-2.586512159132560006e-03
1.938341753787727441e-03
2.516270093975693685e-03
1.768548750131116939e-03
-1.821808646166493423e-03
-3.167442746404176661e-03
1.999365930673703377e-03
2.125788665429025233e-03
-2.065676979208061655e-03
-3.684995438280905754e-04
1.311295725884528999e-03
-4.578657981643700545e-04
-5.174109191933803139e-05
1.790777951199672157e-04
-5.586581648399111064e-04
3.493122877738378596e-04
3.598767451958539390e-04
1.598516547064394999e-01
7.845147798338220069e-01
-9.178310746338795567e-02
4.777917261482157729e-02
5.027436777801533828e-03
5.908119883125467157e-04
2.434563803403438920e-02
-5.990547991406488734e-03
6.427915590883092646e-03
7.270858398048892944e-04
-3.172108738366138068e-03
-3.539590700169946338e-03
-3.881258884533193496e-03
5.710318593917781960e-03
6.992833253396967853e-03
-3.112243136414001403e-03
-2.775537695151280519e-03
-3.683931771398593212e-04
-3.482041286086144964e-04
2.107365423949317858e-03
6.851397957758618464e-04
-1.347538798480376557e-03
5.335896518009649708e-05
-1.898049590709177225e-04
-4.669568618755047008e-04
1.212561775391674500e-03
4.011992347179832549e-04
-1.599097220740283969e-03
4.054056856647447477e-05
9.916027260443434181e-04
9.280800453837699483e-05
-5.477929030381153844e-04
-3.494474222523790753e-04
