2.500624463998226688e-01
-5.154729515293029855e-03
1.527109035357104017e-01
3.372780086719831538e-01
4.321848986267023962e-02
-5.214087447444843565e-02
1.576057799411502425e-02
7.373243127621709019e-03
-1.389629727578729247e-02
-2.214022115441316788e-02
-1.060850280607598083e-02
3.253275323992762657e-03
6.509667525944591929e-04
7.284026157044407295e-04
-3.199552572902095594e-03
-1.463300341659342155e-03
3.070857628869369960e-03
3.889985174436051425e-03
8.134010345714093749e-04
-3.787865530954178696e-03
-7.846893233295187389e-04
1.777697395112066720e-03
-5.448664488957082270e-04
-2.004447481940800765e-04
3.676291107048520915e-04
-2.715993973782595563e-04
1.013895797464368800e-04
1.413714648952101634e-04
-2.617457466124639871e-04
-1.145760239698799228e-04
2.205088127764495882e-04
1.981978070840622339e-04
-7.759334690186148523e-05
9.667747761022553732e-01
1.583547282817010862e-02
7.634929864379679243e-01
-2.980289299019485416e-02
2.346446309954974829e-02
-4.410565944423804757e-03
1.891442807871886178e-02
-1.624869969445911274e-03
1.331258827214716091e-02
1.068478667741699917e-02
-2.922581658513155947e-02
2.721477689271824003e-03
1.070861679372392579e-02
-1.985970975442976055e-03
-5.318136647475756387e-03
8.771518143854134400e-04
5.931743069881940250e-03
-2.523032623371061073e-03
-3.299743624134672277e-03
1.058257902168633583e-03
1.978494737886031269e-03
1.610843927343348582e-04
-1.954802012320137374e-03
4.956133697884763153e-04
1.273706441798064378e-03
-6.718699211380810277e-04
-3.608840698284522747e-04
5.937583930791002373e-05
7.268865819559078268e-05
1.762156971210770571e-04
-1.246485593438277824e-04
3.774286518653532001e-07
1.669034023874377802e-04
6.019711157727256068e-02
6.375474695493055233e-01
-7.788631061861472915e-02
1.011993956975454773e-01
-7.467804246734422585e-03
-1.035364858662509401e-02
1.477848220683691642e-02
1.602777628777643515e-02
-1.037296882132991054e-03
-3.268940135180649353e-02
-4.736350942406468249e-03
1.646204108893847134e-02
1.308908149775144664e-03
-5.515405775858429720e-03
1.472622844641194263e-03
5.128246279174720167e-03
1.314973222288813538e-03
-2.776473873022578063e-03
-1.125070277436376756e-03
1.931731410384858103e-04
2.617183326149463181e-05
7.665903166751500148e-04
-3.052324029993467376e-04
-9.285349423472110710e-04
5.280558005516939853e-04
7.696141227876705012e-04
-5.318412373990044455e-04
-5.478630279157221386e-04
4.182088638075917445e-04
3.632672396279107928e-04
-3.208215005019722748e-04
-3.036423159731298942e-04
1.610895723575218939e-04
