7.255456153942561048e-01
-3.091772508619190785e-02
4.563987991989345017e-01
1.861394155724872823e-01
2.105678557367952619e-01
-1.024032765081528684e-01
-1.224463034125205727e-02
2.326261661040231535e-02
-7.126868071658487049e-03
1.942205418762455718e-03
-1.486996294001113363e-02
-1.917498195303964309e-03
1.887985517126628682e-02
2.177005556131632585e-03
-3.300859759842780447e-03
-5.247371685029994341e-03
-5.832305316772781051e-03
4.194588703671608791e-03
1.691158271642740751e-03
1.381279965083213662e-03
9.013079668044754076e-04
-3.196316347506757572e-03
6.146301320437092073e-04
1.604451548836498612e-03
-1.512012446776368150e-03
-4.066706032324886809e-04
8.531572739744159662e-04
4.677515306645990429e-04
-3.682310113562681448e-04
-4.090069518499039164e-04
4.042732014828140179e-04
-4.436330781643735462e-04
-6.713496548137407862e-04
8.616920940165126996e-01
-1.058018559097926581e-01
6.579970382185044153e-01
-4.939521568525775952e-02
-5.778408059507682271e-02
-4.571051809586406181e-03
2.901246721020081867e-02
-1.808716645651108025e-03
1.254544447400004689e-02
1.411901762400488702e-02
1.120127891989575880e-02
-8.864396290521894817e-03
-8.448457742369843912e-03
2.133504180622540838e-03
-5.647802516836310238e-03
-5.577830379158667988e-04
4.955059728854704394e-03
4.236046146076252045e-03
-1.716703621284789653e-04
-5.019677637261722725e-03
1.174209992031177534e-03
2.346340698382384186e-03
-1.261199048832932447e-03
-8.022024833759063738e-04
-1.294500743126225997e-03
1.307395535228894016e-03
2.124317795806563141e-03
-1.375861713545224133e-03
-1.062546239829738467e-03
3.718336726300358326e-04
1.142815267543230884e-04
-1.157207684855463675e-04
-6.129273151116341957e-05
1.471302296586726177e-01
7.114043258631798095e-01
-7.924404913948357443e-02
5.554794395982064897e-02
-5.203849963521098819e-03
-6.317483765871504710e-03
3.037286494294456213e-03
2.497556727354811532e-02
1.034402897453533601e-02
2.281053085362843864e-03
-6.693464242531158882e-03
-1.272745798237879969e-04
1.130501135956810468e-02
-2.166426808495991018e-03
-7.765684737622587271e-03
-1.591066526076425399e-03
2.729129475862970833e-03
1.669355442478106643e-03
-1.905756545683771810e-03
-7.308073639926250878e-04
5.161677813062332454e-04
-1.539068590999483662e-04
2.022424032909320548e-04
8.468594083374247905e-04
-7.695410261744126774e-04
-5.013454902999005518e-04
1.117751783634523752e-03
2.197191882576765662e-04
-6.503787272745160681e-04
-2.312818364565651552e-05
-1.221716843262391958e-04
5.573656650687130879e-04
3.480994791223248111e-04
