6.723985303135969760e-01
-7.094493168815312056e-02
3.762001122863350977e-01
1.382618497606881436e-01
1.473718520246326269e-01
-7.039240091653338471e-02
-2.043528969361275288e-02
4.252337620324915697e-03
3.980055441977550616e-03
7.607911935565126425e-03
-1.369764762978409670e-02
-1.154703321676098498e-03
1.100221113704589158e-02
-1.488925817879800933e-04
-3.381924676782814272e-04
-1.069353914494354041e-03
-3.494996477087699421e-03
2.972662408115518749e-04
8.246195468841076206e-04
2.043578433765278791e-03
7.265345652965463693e-04
-2.910109772591856943e-03
6.925901922320800612e-04
1.600431432572190773e-03
-2.086391586563298740e-03
6.295501821367797133e-05
1.812365099433767886e-03
-7.069916833315149831e-04
-6.563784839079503820e-04
5.409286536288137074e-04
-1.393804619373163983e-04
-1.949029409215282174e-04
2.674687821583104854e-04
8.792999915314665405e-01
-6.914936311876491992e-02
6.355959659672901774e-01
-3.664574343761748537e-02
-4.967591213494884639e-02
4.135864941114573805e-03
2.812607758634525293e-02
6.286262256632072290e-03
-8.585959589072952522e-03
6.649142752406113355e-03
6.432221886813565409e-03
-6.159961474176197695e-03
-1.322392574958413704e-03
6.672028843854893067e-04
-3.662883166379468820e-03
3.624338232689261257e-04
2.775741300757481825e-03
1.960684749328540054e-03
-1.481208693187540448e-05
-2.663265031757989631e-03
-3.627101638035825433e-04
1.292056211694225061e-03
-2.897646600418877626e-04
-1.049118640406296657e-04
1.732564144294144743e-04
-1.086198955056475525e-04
2.390917895251380623e-04
3.958983890473580870e-05
-2.406587131858647607e-04
-2.102129719085829085e-06
9.920978205803171544e-05
-9.259623207848273940e-05
-9.014229819161420133e-05
1.627716673583005369e-01
6.415075864513997139e-01
-3.410617829687370012e-02
5.883612057194050060e-02
2.001162110419462195e-02
3.853897834821057126e-03
2.135053697314044652e-03
7.118230254741403883e-03
1.506733404257456404e-03
1.144172269066751025e-03
-5.151356658073996501e-03
-7.297461636022161031e-03
8.248544560307187815e-03
3.169939990862095588e-03
-7.008855314822242527e-03
7.776746118408296368e-04
6.294035889324790150e-04
-3.261744600748079878e-04
2.427151198103854289e-03
-5.998776072723846844e-04
-1.206976362494321898e-03
-9.795596387991232080e-05
-2.033675192561891596e-04
9.965253255616675267e-04
3.236224672427093392e-04
-1.094266352030926750e-03
-1.121342864687812670e-05
7.276200906667989413e-04
-1.050110853850425707e-04
-4.146771777216748476e-04
1.537409872082912718e-04
1.388232112346475262e-04
-1.282006459016968455e-04
