1.452433754697484591e+00
8.626944311874085169e-02
-8.837105348196374775e-04
-4.168385118753924917e-04
-9.677317834492486402e-05
-5.325098724293545962e-05
4.333899383328252656e-05
2.248745570026958949e-05
-8.807056677952247357e-06
-2.533357163648293502e-06
4.862320202321527676e-08
5.917815897326913405e-09
1.409150615734280909e-01
-5.439543438684416032e-02
3.098888712871737824e-04
4.200182202344109788e-04
4.897659754363250801e-05
-1.182708962927021980e-04
-3.871584057505297416e-05
6.148225564983995299e-05
9.625420339782188737e-06
7.256455455771908311e-07
5.928824008068215104e-07
2.101059676616908638e-07
2.712451072044485406e-02
3.020151696088740206e-02
7.623384513535421195e-03
-8.651144592235553935e-04
-5.905442806653883397e-05
-3.169316302433111850e-05
1.613023019621334474e-05
1.380720248661334253e-06
-1.127436807511505367e-05
-6.115591872673993750e-07
-4.067870336603636565e-07
-4.755196995132306886e-07
-7.180748701992863831e-03
-5.110782111998604313e-03
-1.922962023765202979e-03
-2.106542579020100568e-04
1.911767591430419539e-04
-1.414034911460960371e-05
3.021207894241348509e-06
-5.100653632489706669e-06
2.145134094836954334e-06
1.690528248246832318e-06
-2.817952871009377386e-07
-1.557226554338803883e-07
1.179925803593175607e-04
2.541803690169694863e-03
9.087425587802569092e-04
2.579443732211946676e-05
1.445724482430071759e-04
-2.884947085798426090e-06
-1.822478110069391610e-06
-1.958942213210516193e-06
-9.334169376609912224e-07
7.958021858899043327e-08
-1.996043726447544034e-07
-8.224896112132762457e-08
2.874586510277378341e-04
-9.266732059025116573e-04
-6.103549992778092804e-04
-3.249789513143088945e-05
1.184215216591561456e-05
-2.191243383529088939e-05
9.385692870937923347e-06
-1.455613274193629152e-06
7.465045193674250540e-07
1.217681943952805554e-08
-8.089191044412725860e-08
7.356984110609431304e-08
-4.390361186087137413e-04
1.676050221885899303e-03
6.063370333000939975e-04
8.034395617099554347e-05
1.254812475908233658e-05
-1.557305872043664569e-06
1.564631894024093525e-06
-9.651682982495478438e-07
5.965641807942325251e-07
-2.141288930451392661e-07
7.728011732957112505e-08
1.032887138589113573e-08
-1.885305327904502259e-04
-4.306234350812902095e-04
-2.943000916687108144e-04
-5.785443498618893330e-05
-1.224953161798251588e-05
-8.724094798133073551e-07
1.307391757582250902e-06
-5.665251608427580749e-07
4.706352659985098183e-09
-6.286962726826560801e-08
6.726049345423230672e-08
-1.006926736774939953e-09
-6.841563521145146022e-05
-2.644491581977987619e-04
3.569111318014561544e-04
4.171221606859172582e-05
9.470149311911871642e-06
1.938408333865573644e-06
-1.339668508309649536e-07
-5.164148282647638451e-08
2.704072226272109355e-07
-2.041123012708531000e-09
2.778243822353486432e-08
-2.386450369784176790e-08
-3.744688477749657547e-05
-2.444283059587817322e-04
-2.060860638803307856e-04
-6.231115597465797392e-05
-1.593604384953149126e-06
-1.795384695391129598e-06
3.052342471768962547e-07
-1.752563269343074791e-08
-1.234483039606322370e-07
-4.771933246233276954e-08
-2.216967246222473764e-09
-9.989383363866013641e-09
8.585567199237351054e-06
1.011141216266038295e-04
6.074176816691607630e-05
2.913712399190251571e-05
6.907421719129492535e-06
-3.256519415958954682e-07
3.076169107571035771e-08
-4.493577456556559321e-08
1.465122329251079211e-07
2.338642569495967765e-08
1.343377643093360973e-08
-2.833176652115886337e-09
-1.658551099282821179e-05
-3.442296775613980204e-05
-2.954393107873696909e-05
-1.323837444275928245e-05
-2.312821665403311176e-06
-2.425420747591495898e-06
2.652516707189540407e-07
-8.090271798112462781e-08
-3.645129391835968333e-08
-2.281530414436909337e-08
-1.025081070651706809e-09
2.899158201962932774e-10
1.235022712338516432e-01
9.323000352280313768e-04
-7.030856598472171439e-05
-7.808904209986023662e-05
-1.145471216882374111e-05
-2.786948922638365450e-05
2.201832978631188855e-06
1.471118762548683152e-05
3.378546047389161441e-06
-3.536211099819408498e-07
1.773274972664940219e-07
-2.614459391981573469e-02
-6.441119745893526122e-03
1.093460124696106830e-03
-7.291791125387203599e-05
1.939024707700087315e-05
-1.778464706833632206e-05
-2.264027197476774990e-05
-2.088680738189921109e-06
-2.864058409848359014e-06
-4.525118831454495544e-07
4.350695316596733193e-07
5.823796156336445533e-03
2.435832898810781199e-03
5.988258789756061538e-04
-1.319484535773582671e-04
2.146262952970052907e-07
-3.968587405424244445e-06
1.687971370213290400e-05
5.886385831939205420e-06
5.377464041788122944e-07
1.209785400343225557e-07
-4.857246894739107520e-08
-1.891312276666149653e-03
-9.818439852207695891e-04
7.600003775923111656e-06
-1.730456744478588431e-04
1.884518265646984429e-05
2.022046472621880888e-06
-5.165343584811349183e-06
-3.237585114961061085e-06
-3.828016626163428428e-07
1.444971212294912047e-07
-1.047447744239830862e-07
9.252219792009426036e-04
5.954305256328141669e-04
8.409758669809245699e-05
1.006826265067184923e-05
2.563851771215453959e-05
-6.727258024077616316e-06
4.648637234757348271e-06
8.257188355698108368e-07
4.237529498382523090e-07
8.053945359858332722e-08
-3.340343137663123443e-08
-1.632140627109061534e-03
-5.965447135204420166e-04
-9.125769012089310068e-05
-1.591366943304306841e-05
3.140526016031722839e-06
-1.196765798573643262e-06
-1.080803088670169789e-06
-1.546848928294579623e-06
1.652332327610489147e-07
-6.509155720853021331e-08
-3.236713687580138064e-08
3.777883954908333830e-04
3.003240056291317430e-04
6.378095629710833032e-05
1.473669364917203241e-05
1.116715094972406054e-06
-1.215160495408670189e-07
1.635458500885468410e-06
3.898680695674233145e-07
6.912578036472873665e-08
-7.479481125595566661e-08
3.095477476809075606e-08
2.650362515213253753e-04
-3.615935240540266334e-04
-4.493143711060934613e-05
-9.980372972840115210e-06
-1.977913086619112030e-06
-4.406477528166604798e-07
-5.420691289682327701e-07
-4.599368612364337059e-07
-1.085276979963787096e-08
-2.967781568189564875e-08
5.188794200289115260e-09
2.278329984718991514e-04
2.049462797373147595e-04
6.485060432113171481e-05
3.063754093641386496e-06
2.184675874514882490e-06
2.174340843892297185e-07
3.903793982162696061e-07
2.632105938759288604e-07
5.465045555273292381e-08
1.111477020843459706e-08
4.364069127396656084e-09
-9.975401185572958102e-05
-6.446937810803011072e-05
-3.282980114930465927e-05
-8.681537978750617019e-06
-3.154655948649130818e-07
-3.872945300722217784e-07
-2.387253582420455048e-07
-2.285532129090939891e-07
-5.196163025385477525e-08
-1.198699944098368241e-08
-6.164034137146029293e-09
2.494443258313167944e-05
3.041910819397260497e-05
1.863309421773284787e-05
4.337155154491765635e-06
3.078540650666357973e-06
4.288158668072520285e-07
1.070887235830029586e-07
1.490976664810791474e-07
3.477265626857148873e-08
1.087104394498877291e-08
1.265125783011678142e-09
-2.878027655221065267e-02
3.427243458655651609e-03
4.626870959286677703e-04
8.791464037654642615e-05
-1.141210630574621116e-04
-4.162213674986029176e-05
4.876401393887771048e-05
1.267117087544165254e-05
2.616008322964886079e-06
4.812506697779296068e-07
3.673446278085425609e-07
2.530226868132588042e-02
-2.255730512273044792e-04
-5.918028796009328855e-04
6.698780567651066930e-05
-8.077207503514361754e-05
5.759246214349617412e-05
2.148984766148433645e-05
-1.496164063822308843e-05
-7.100848452958776766e-07
4.343679026466786367e-07
-5.880327325707353156e-07
-1.716934606844508840e-02
-9.144431497015638888e-04
6.590457580923195268e-04
1.849144341584009878e-04
-4.911786125919059728e-05
-2.161447956144058353e-05
1.633224338737549228e-05
3.840538250135446877e-06
1.649094652391417623e-06
2.188761412799090942e-07
7.746728480528038973e-08
1.548475314800520398e-03
1.092994685140310715e-03
-1.841329354343906649e-04
-6.005490479258952260e-05
-2.012513685149395804e-05
1.463024676497409799e-05
6.907608143260794819e-07
-5.987255747065918569e-06
-1.025753251990420005e-07
-2.418189551953833415e-07
-2.450997883868300635e-07
-5.114598986745084227e-04
-6.191164913315738011e-05
1.056957396203017108e-05
1.007590938297322076e-04
3.188252533958486673e-05
1.124694390893646298e-05
-6.549501509639408236e-06
8.278253023458773541e-07
9.671369287224688545e-07
-1.053523212068960583e-07
1.160982992684681227e-07
2.227584191125421271e-04
1.373380452047520022e-04
-6.448090442808196479e-06
1.112664343987711875e-05
-1.109468783996653266e-05
-8.654214831143734916e-06
-1.669778746372141455e-06
5.500722538504126833e-07
9.901484078172754298e-09
-9.341540528886539939e-08
9.462079343955128137e-09
-2.755212598699646113e-04
-1.681447404261637759e-04
1.165988500082924585e-05
1.049352315196607941e-05
6.348192107897228023e-06
5.387246557316480381e-06
1.032946510271399350e-06
2.789716723377099114e-07
-2.036702570757327948e-07
-4.207127262658800443e-08
3.143047121889635431e-08
2.101986538853719712e-05
9.801638078954141018e-05
2.710637461843290524e-06
-3.685440300421112993e-06
-5.131352778445846088e-06
-1.947621203331998523e-06
-5.775209927587392894e-07
1.212455237300704915e-08
-1.590367556661603718e-07
4.989001996844318386e-08
-1.170815816884764739e-08
-7.027178183162518924e-05
-1.223266241947613020e-04
-6.423690666549485339e-07
4.037709809305266238e-06
2.915639132471816571e-06
1.660478441949740628e-06
3.001342398183662813e-07
4.052854602210103448e-08
3.919673794909938085e-08
3.100678931044368627e-08
-1.138647786241025803e-08
-2.219017433440105742e-05
1.015287630310625225e-04
9.906571899583193163e-06
-2.594501778643719407e-06
-2.371796892388404044e-06
-1.349599558888005466e-06
-3.842168429925965796e-07
-8.853233830656198598e-09
-6.503549014100557511e-09
8.710009296766201479e-10
-1.484325818704026741e-08
1.383280176435684480e-05
-1.228222133292963877e-05
-1.146027645472726643e-05
3.143438532910162165e-06
1.128132259994225111e-06
9.282688546212918495e-07
1.984426315961627891e-07
-1.781630935946499831e-08
1.140570428796269706e-08
3.761454266705369780e-10
5.703501237733041370e-09
-8.004446560639130710e-06
-7.777084884992071937e-07
1.178763274626546903e-06
1.043630328813342801e-06
-1.183037927236868511e-06
-5.603449134722305375e-07
-1.635572892621337243e-07
6.180929430215472009e-08
-9.091873651084572627e-09
-4.315877397936474907e-09
9.739831375971885214e-13
2.561728091773596283e-02
4.371826903662964781e-02
-2.866856910642828164e-03
-2.612556944808810109e-04
9.387210733503480664e-05
4.654230571034180964e-05
6.356728296452639963e-05
4.173571411728608317e-05
1.040368777595387878e-05
5.247243009483646473e-06
1.413312396003252557e-06
4.424510643929443180e-08
2.504840424098986329e-03
-1.708303376290779343e-02
-1.236384670350797752e-03
1.350306342277272345e-04
3.169134773456514024e-05
2.438012555581626977e-05
1.039208997207040245e-05
-1.095096528184555445e-05
-1.109444401023875509e-05
-1.830468304925729184e-06
3.014092997426034681e-07
3.587895494366504512e-08
-9.878938910716701140e-04
1.120268530854848146e-03
9.218350202674634609e-04
-5.433850545271163993e-04
-6.976540402703123927e-05
-1.478708377863447731e-05
5.071315781685514365e-06
9.206843185636605340e-06
1.204262417634921277e-06
1.279953852764764151e-06
-5.626652018775329269e-08
-1.141787271106028311e-07
5.020941682511621828e-05
6.727218349491087795e-05
-2.245921351212359983e-04
-1.473198728312474944e-04
3.385015728594199114e-05
3.229047124783727241e-05
9.084598163794486861e-06
-9.908803284190806403e-06
-2.348538245566159970e-06
-2.067367568560413232e-07
-1.413671827057049405e-07
2.636835462224255793e-08
2.762194325816915157e-04
1.095342734152788736e-04
1.314432985287057923e-04
-7.601894081512056013e-06
1.824208261205580956e-05
-1.541579381102732820e-05
-1.099494038465945361e-05
1.108537950605510688e-06
2.593659445779104290e-06
1.829749597579795221e-07
-6.514092081643061475e-08
3.284517377813062155e-08
-2.230013687571130764e-04
-2.155107847359955333e-04
-1.478788141429866385e-04
1.649603463249910841e-07
1.706954675572844716e-06
3.051044052666746025e-06
4.338764136499875855e-06
-1.702607551315247909e-07
-3.007324142296562436e-07
-3.656322256141152420e-07
-2.493885291109019934e-08
4.342609869976579994e-08
-8.892894507165469598e-05
9.938212549626406785e-06
1.002575215794681456e-04
6.715689614403716808e-06
-2.722902071855690688e-06
-5.653845848817896133e-06
-2.463367792591687294e-06
-3.956264063893614868e-08
3.436759061062401559e-07
-1.322664174944665525e-07
3.378278281999717311e-08
1.033525639991154154e-08
-8.218904968562250742e-06
-5.837975063519277479e-05
-1.208323322031422034e-04
-1.251607414767118365e-06
2.324199185123717237e-06
2.997679240758418249e-06
1.520250678565101520e-06
-6.393530959560421914e-08
-1.176076921734750982e-07
4.582175158122797495e-08
3.752359165597938961e-08
-7.515257849447683332e-09
-1.099825583883957854e-05
-2.177103209316371354e-05
1.064250283919852672e-04
1.341456080315960607e-05
-2.243425602485575083e-06
-2.711143206601241349e-06
-1.303323534537021967e-06
-2.503932653442792870e-07
3.600985814669734885e-08
-1.469256595787014647e-08
-1.283964461143428837e-08
-1.305121330391168487e-08
4.359665490017623281e-06
1.573895714090988571e-05
-9.478879558597062260e-06
-1.217957693251444038e-05
2.737677320589806359e-06
1.462695506572277686e-06
1.042268968564967843e-06
2.587674203186646393e-07
-2.000394139905865391e-09
3.730116774144436902e-08
4.539511580676157057e-09
-2.536701825788828694e-09
-1.967986370894396432e-06
-2.958471266707538778e-06
2.811398826020578313e-06
3.414810894888984190e-06
1.366786448460624303e-06
-1.137117250402639849e-06
-1.007193429326943130e-06
-4.106369596291196494e-07
2.943267497354612729e-08
-1.029033292212343028e-08
-1.159883292319292495e-08
-1.034900747065305508e-09
4.786986548873994884e-02
-1.490161266701296510e-03
6.071795432409966831e-04
-3.223836388393859118e-05
-3.490247324598577379e-05
9.409534258541203065e-06
2.638773919173454207e-05
2.325983956620941726e-06
-1.907778186641583873e-06
1.618846003035013563e-07
-4.709909114162444775e-08
-7.075068220447805478e-02
-6.247367584668510419e-04
-2.381071459822535366e-04
1.162548477402870555e-04
2.169933066783258626e-05
-1.296019857269957672e-05
1.560607009367182694e-06
5.027440104334676407e-06
8.671834490730461406e-07
6.560396607981024225e-07
-1.207085847526231038e-07
1.538249354061284324e-02
6.455281308905618312e-03
-1.287656008639648979e-03
-5.672724634606069985e-06
-3.817133997970835100e-06
-5.925955443357657054e-06
2.405808206474072507e-07
-2.291177850289560849e-06
-3.404048543330559849e-07
1.723480216853976461e-07
-2.350461512430257080e-07
-3.342069229872082770e-03
-2.300519769665000137e-03
-5.563831164371043454e-04
1.944090140606247771e-04
2.607102046057169475e-05
6.954742999327435731e-07
-1.626806741887831844e-05
-8.823386338668133530e-07
-9.007385539742678007e-09
-7.864886490743477543e-08
1.159916434922666036e-07
2.736853922530029393e-03
1.143134104850733425e-03
-7.612327652179766359e-05
1.515454912233819308e-04
-3.005229889312843427e-05
-4.360751862236816760e-06
4.502908014829984895e-06
3.324425385830157045e-06
-3.582989954115646066e-08
2.311467059856638986e-08
9.974268100843679499e-09
-1.553098895757555522e-03
-5.930032001591994777e-04
-5.947777891719567610e-05
4.439094310645004040e-06
-2.089384114573682828e-05
5.784189986195664952e-06
-2.745992276862300701e-06
-6.305300272966767448e-08
-3.123125563533663989e-07
-1.381152345066665396e-08
1.006612084419509155e-08
2.721858716017717950e-03
5.037009944045045323e-04
9.331396358464300446e-05
5.982887411824073377e-06
-5.457998446907717522e-06
3.043137736933091724e-06
6.971418732123434563e-07
5.774068095990946498e-07
-2.360373853967066681e-07
1.233890801667071414e-07
2.916429914857617776e-10
-2.949067428169637535e-04
-2.161384883747199742e-04
-6.280327026492984934e-05
-8.027019399663441241e-06
1.687082343756265021e-06
6.474258221237701544e-07
-1.165611443594527145e-06
-2.451392909470197360e-07
1.383598568859510150e-09
6.718653723878853320e-08
-3.642945007890363301e-08
1.040221114400187918e-03
4.066396958264850616e-04
4.901178153163742254e-05
5.501544844773685199e-06
-6.091216445399646298e-07
-4.210435113200649991e-07
2.837337109520100004e-07
3.421854633369001304e-07
-7.770507413693371902e-09
1.473634550928966025e-09
-1.095137417193400179e-08
-9.664827721277579242e-05
-1.311106790044645623e-04
-5.619771866095324089e-05
6.799123509734095809e-07
-3.174271891349922478e-07
-1.315864286363605259e-08
-1.655958041445955383e-07
-5.629881592542587035e-08
-2.859044709417048615e-08
-7.178618900303780665e-09
-5.785830982992721349e-10
5.173560041009874649e-05
4.839969493753107935e-05
2.893033335783150810e-05
6.603971573837840849e-06
-1.122386381132234848e-06
-1.197622875412775513e-07
-2.387202856047880866e-08
1.393708219431392082e-07
5.488948639646357017e-09
1.050593304924335894e-08
2.796967829234682324e-09
-2.412156548097617385e-05
-2.354669772743692768e-05
-1.415046853009143494e-05
-6.439060223662715743e-07
-2.003859901175156365e-06
4.607847456363304654e-07
-2.505071219560419814e-08
-2.926162940372880635e-08
-3.123819354198257791e-08
-1.362425068022348032e-09
-2.784439762948074307e-09
-3.056394199789816968e-01
-1.353182022479194613e-01
-2.258409910130743624e-03
4.996315230064456072e-04
1.420915421834390198e-04
-2.171749990849465803e-05
8.792810970822042613e-06
1.048254436335873635e-06
2.751326365810840980e-06
-6.741623179536486770e-08
2.074511898829861010e-07
-5.675545907475482499e-08
1.228729769980819661e-02
1.566012677251481244e-02
6.092586043467409021e-03
-7.224011056327073448e-04
-1.102509897597920793e-04
3.238904920923255240e-05
2.035942664268221148e-05
-1.590500645654060511e-05
-7.760176179915039455e-06
-1.361081212380584038e-07
1.500508161287353684e-07
-2.432251730849079604e-07
-5.400056134113265932e-03
-5.733900425919657290e-03
-1.931206599434821640e-03
-3.315104112312594153e-04
2.359604374988859255e-04
1.998370154644655755e-05
1.297294977715285087e-05
-7.919037078941476213e-06
2.317620003308872557e-06
7.830440479197091869e-07
-1.095175769105084173e-07
-9.298290572971127304e-09
2.189149474530598886e-03
3.401597407859063490e-03
1.053410676798749272e-03
-1.257622891771497482e-04
1.135422696241436140e-04
-1.837053629237909178e-05
-6.172572091699000888e-06
-2.107164322365722871e-06
5.607387397454604708e-07
-6.651858569561762050e-08
-7.721133106104551094e-09
-3.166590654011817246e-08
-9.644448983301735518e-04
-1.986383438450777406e-03
-5.768958477910134022e-04
-2.689195761651589365e-05
1.212043305399062237e-05
-2.141085342861911195e-05
7.448061485903027587e-06
5.989561201886542140e-07
9.748893807733010494e-07
-2.000860435305286372e-07
-3.850344939745786724e-08
5.202317606063348229e-08
9.968988940479723421e-04
2.775623040697573415e-03
4.976395355239458503e-04
7.831673242009186116e-05
3.555621635024607703e-06
-3.784926602266755775e-06
1.876276081281905788e-06
-1.003197068274180477e-06
9.777870800325716378e-08
-2.413571566663510708e-07
1.132947824290735389e-07
-7.455598366509751686e-09
-3.362941881525006489e-05
-2.932488117754859379e-04
-2.213307875102519932e-04
-5.845357020905130599e-05
-6.498510176342124421e-06
5.218127411603176899e-07
1.342662274506960042e-06
-2.968502503907561723e-07
4.748768547444470376e-08
-3.512427425521997252e-08
5.745834686104370783e-08
-1.929452305008955990e-08
1.582633537091398168e-04
1.058980679635712239e-03
4.007978867017322668e-04
4.570098347757524984e-05
5.723179956356914517e-06
-2.659439834861506493e-07
-8.811795255856282869e-07
-1.787745171361535377e-07
2.498891736127195869e-07
2.014460746138605593e-08
3.560542554391795290e-09
-2.906819254839582577e-08
-1.523458658766829920e-05
-9.528559614924079189e-05
-1.313907389881394810e-04
-5.538502062607928063e-05
-5.486476917114454398e-07
-9.789617551189083243e-07
3.429546049133695061e-07
1.333742410662255765e-07
-3.181430314152298961e-08
-5.174270342784841532e-08
-8.337294014530421623e-09
-6.090381438414186010e-09
1.484495029436603900e-05
4.598064004906499429e-05
4.475155924398572773e-05
3.049301604156419611e-05
8.459570001465086512e-06
-8.321879812074336812e-07
-4.087352813336274054e-07
-1.190122515152566975e-07
1.201451746997430935e-07
3.203068578477421867e-08
1.277255169496262623e-08
2.330933821520740529e-09
-4.046405691354023688e-06
-1.899319303980903119e-05
-2.477190462687472880e-05
-1.869958488957188637e-05
-2.560344413171411023e-06
-2.241116934821960602e-06
2.340471008663952702e-07
1.957161509680268576e-07
-5.515152776717430501e-08
-4.609550384625084636e-08
-8.830645176158814293e-09
-2.358325703575658118e-09
-4.232516620369650706e-01
1.388747897742627657e+01
