1.443883922560541100e+00
7.636649060984566917e-02
-1.482905881965703018e-03
-2.183831735548454349e-04
-6.067560085502950640e-05
-6.044641681378004811e-05
3.312258835829367713e-05
2.844103307873551177e-05
-7.920817986846709656e-06
-1.493659392810804568e-06
2.586009002302368778e-07
3.691852045974368278e-08
1.624506070662100066e-01
-6.055388923776816590e-02
7.781895150704975237e-04
4.740935239678594729e-04
1.429980914474866701e-05
-1.048529609921798942e-04
-3.972616724207795967e-05
8.049214346491030865e-05
9.421694847954900458e-07
1.841251931677609646e-07
1.019380362866212370e-06
2.612985108249994353e-07
3.152759634347812590e-02
3.352460706715262861e-02
8.869932980584664325e-03
-1.168308174669205378e-03
-1.520653184075777852e-04
-2.802428288697190878e-06
2.359602225506687479e-05
1.147399064388286224e-05
-1.258777240744272079e-05
1.525262674801068439e-06
-1.861274961316814979e-07
-7.080556646398005626e-07
-5.905380072636521802e-03
-4.446535135035250066e-03
-1.779157177153886356e-03
-2.686474250783785884e-04
2.855438067122369693e-04
-3.049570816494910091e-05
1.486545323665756989e-05
-1.054426393187509655e-05
-4.029217482452509560e-06
1.695815168698237259e-07
-1.230581797211590106e-07
-1.398876521822981363e-07
-3.416753897356245104e-03
-4.513363488028758301e-03
1.057785710134586006e-03
3.367239776557449157e-04
3.432811762594066150e-04
-1.842985801698791623e-05
-2.904369962918203806e-05
-4.181780262667379065e-06
7.370186205574868563e-06
3.278660902181077322e-06
-3.628169898680494216e-07
-3.875555699454451836e-07
1.323303899317645332e-02
1.717494008848652678e-02
-4.409340266460007036e-04
1.384079767839671647e-04
1.524858770517746858e-04
-6.210645738452540046e-05
2.921520289458963567e-05
-9.970764455272969730e-06
-4.853181258084841317e-06
-4.418836033189978158e-06
-9.220510960820071689e-07
7.923081410210521951e-08
-1.790054696163411591e-02
3.871397776493915033e-02
1.026788814945162748e-02
-1.047989554181595875e-05
-4.045357963187489397e-05
-5.435904526459966443e-05
-1.864673707195535748e-05
-2.008409061706428712e-05
2.267437607842194094e-05
4.249156897769660445e-06
-3.685492368354437194e-08
-3.800702716435741163e-07
-7.409677143754588025e-03
-7.987106977757382764e-03
-1.630454378465504743e-03
-2.780390569711249193e-04
1.043158914558518655e-04
1.361899190590842180e-05
-1.250097113535826216e-05
5.977697009744700370e-06
1.255158193916943713e-05
-1.788386621622733501e-06
6.216910811996875483e-07
4.396817577963254767e-07
-5.173627381192679071e-03
-1.516264356710747552e-02
7.549577208440401248e-03
2.154295315691049230e-04
2.322489200450429756e-05
6.221115737485412822e-06
-1.786578665098049630e-05
-5.781004378231961458e-06
1.139267150870742474e-05
-4.181082344071035559e-06
-9.582726946363399031e-07
4.737636385882243498e-08
-1.401755853802584594e-03
-7.842627904000138220e-03
-7.190740937991495392e-03
-1.076313058773853805e-03
1.775204149963749054e-04
-1.509665133549466850e-06
1.528483591705391738e-05
5.982107689924019895e-06
3.621049735187071707e-06
5.296440021994414597e-07
1.115602825638604332e-06
1.796212957645512634e-07
2.302980681505272507e-04
4.021362931001263609e-03
2.476507098359750220e-03
1.008703466662930854e-03
5.187418559389064349e-05
-3.893336664394615531e-05
-1.389590398829823085e-05
1.360550694715002977e-06
-3.110010458718017872e-06
-2.030205444803220125e-07
3.277855803601813382e-07
3.825472748594807571e-09
-1.207882278654197989e-03
-1.799260764264437552e-03
-2.411453472138529695e-03
-4.262939808288684614e-05
5.772608113685636435e-05
-1.751962814985998692e-05
7.980708860538238662e-06
-6.017338658191621104e-06
-2.473710675880362000e-06
3.201493296067021907e-07
8.233352092360180520e-07
2.376463765812064766e-07
1.374819063935465158e-01
1.511337842904845579e-05
-3.153078477810287777e-04
-1.266142404911987777e-04
8.712011966412865221e-06
-2.533275476487699225e-05
-1.011022029171327481e-05
1.712677643991709258e-05
2.551795193923307523e-06
-5.639274767650249617e-07
3.450784908260265223e-07
-3.129406676260379494e-02
-7.854238558131639361e-03
1.519005222598687668e-03
-7.597826790120681679e-05
2.649869539063166008e-05
-4.289623799860863826e-05
-2.670585947417456558e-05
2.523371702894893170e-06
-5.144020798761808367e-06
-4.485660256241908403e-07
4.971373425483526226e-07
6.938766097066821452e-03
2.097949084286360438e-03
9.405762163671884226e-04
-2.555387435690704436e-04
1.752529618365980136e-05
-1.154921986509526565e-05
2.163895198453998789e-05
1.059140450620669719e-05
-6.893881561408948670e-07
9.167982401768308584e-07
3.939595779096103280e-07
2.656427976618864605e-03
-1.675158369170384959e-03
-2.909074274011539006e-06
-4.019496106332899415e-04
1.474279589038922162e-05
1.413980458172661802e-05
-4.355002657913274759e-06
-6.331229944127719688e-06
-5.134819701925966834e-06
-6.715625207923114909e-07
-3.114744885326330549e-07
-1.129761091656855156e-02
-6.725843354799309953e-04
-2.160860690544139518e-04
-7.036991229523238993e-05
1.022152599562335917e-04
-1.187075096366485566e-05
5.926462348392765927e-06
6.222635333862281755e-06
4.481253755126597377e-06
1.624576365295755320e-06
7.197280349424910346e-07
-3.772857847320073427e-02
-9.907852442927441231e-03
-4.288536397783485803e-05
-7.759998086376189641e-06
3.905945768417990257e-05
1.678152356015383313e-05
1.396254435034682260e-05
-1.919830559089226685e-05
-3.945499347297422093e-06
-1.149650026333484458e-06
-4.875326244828524697e-07
7.327783690696263244e-03
1.671359116514506242e-03
4.006814764781266021e-04
-3.330738044592753316e-05
-4.936518799696718679e-06
1.720797916497241717e-05
-7.784647620471092327e-07
-1.257109202139675402e-05
2.666989524189327271e-06
1.673685334337405531e-07
9.355113219866577175e-08
1.483139492015838820e-02
-7.581254767999179821e-03
-2.126061601411182247e-04
-7.244649174472442548e-05
6.176313837110254636e-06
-9.214460249972377461e-06
-4.400090263556523050e-06
-1.404031026734193379e-05
4.473239714816270901e-06
-2.420355124189102431e-07
-2.473069680629328757e-07
6.315452957894492070e-03
7.164071461680372906e-03
1.571169678954708942e-03
-7.265666988301302338e-05
5.310577280123537410e-06
-7.395787133739582797e-06
-2.773708849314503367e-06
-2.314097905813088022e-06
2.808983511208679829e-06
-1.764913391224143564e-06
-1.573328352783110519e-07
-4.609305514574472615e-03
-2.380127600496374958e-03
-1.013057550564465696e-03
-1.012431000044835687e-04
3.507020393769356357e-05
2.096465753117770539e-06
-9.097373981859662085e-06
-4.696746949365664352e-06
5.380703482613505677e-06
1.454073911746187636e-06
3.164485201869884352e-07
8.174573543953319319e-04
2.997535962488480799e-03
3.909454529657961836e-04
-6.195594364661474534e-05
3.656647442783454445e-05
3.040999908841790518e-06
6.137568815922613237e-06
3.256813992266312168e-07
-3.938694765671030135e-06
-3.069480480156858565e-06
-8.099391209853571293e-07
-2.426984644755634732e-02
3.128917290916390526e-03
3.934511527005929042e-04
9.778499427440714834e-05
-8.998642307979987434e-05
-4.265895547109259606e-05
5.697356262129534867e-05
8.224229367195507359e-06
2.017110337445582363e-06
6.281682086708586214e-07
2.214127830917338063e-07
2.775341137887122125e-02
-3.442134991358543447e-04
-6.290348173609661229e-04
1.006316571155871695e-04
-8.008580120935712297e-05
5.831869513934272116e-05
3.583908910281001687e-05
-1.314622587984215487e-05
1.180510846298840555e-06
9.359642691897089094e-07
-6.769768708169775639e-07
-1.982975629594260075e-02
-9.323398437323192735e-04
7.190268447389270255e-04
1.130273529733644047e-04
-1.053872002850597087e-04
-2.027116245471348248e-05
2.789883075247738881e-05
-4.681130535018711247e-06
-6.126059029542120379e-07
3.287798428614358616e-07
-1.177190465940857663e-07
1.361865565564458411e-03
7.655182962882564873e-04
-9.136171311136135145e-05
2.785279598068123619e-05
2.960465260039073256e-05
1.305626686663335334e-05
4.210584783470719437e-06
-4.998547281681058925e-06
2.565552832307053728e-06
-1.350853334220672915e-07
-4.493514109861994180e-07
1.038069560870604705e-03
-2.856008479980991932e-05
-3.289415126488232067e-05
2.682443393386676816e-04
3.573026530021197999e-05
1.582814846584935050e-05
-1.276632533152260212e-05
-4.055382940826902057e-06
-1.457104011520453077e-06
-4.209021200347094294e-07
3.505446972147280991e-07
-1.164252795058622839e-03
8.910361528890620858e-04
6.922012502022132589e-05
5.666116537424190043e-05
-2.635633534951042521e-05
-3.362964334405452220e-05
-1.000719066370072176e-05
1.492509142343379729e-05
5.633454845891698618e-06
-4.774804414307548695e-07
-4.537230936101366377e-07
-4.433717090249449620e-03
-2.684769890620452865e-03
4.946267999685594573e-04
-1.134294339347818528e-04
-2.547790584243237840e-05
-9.301348614649861200e-06
-7.670518452107902781e-06
-6.811114447415872312e-06
-7.113985119370344728e-06
-1.315671393998481219e-06
5.605379346342672030e-07
3.592099383125280793e-02
1.920174022811707137e-03
2.873420808895916974e-05
2.086581777699624064e-05
2.770368575636517451e-05
-1.246716931817251744e-05
-1.242952246309995330e-05
2.234750150536119663e-05
7.078950851982469935e-07
-1.867077336682050661e-07
4.679787694640609964e-07
-1.254089156515279585e-03
-3.574152307630808125e-03
5.266770150469331268e-05
7.786468307483521882e-05
2.259385639563508001e-05
-7.491296949373547892e-06
1.021362926509539253e-05
1.286275166253908406e-05
7.041058789876461334e-07
1.271165925858969714e-06
5.343364404644848722e-07
-9.073552852001204533e-04
4.143211296388919426e-03
1.742366084064104874e-04
-6.337102998871844506e-05
-5.249061637707866204e-06
-1.491922599254543128e-05
-1.141825922439530510e-06
2.399604929234942223e-06
-1.841765644079099307e-06
-3.429488579342585142e-07
1.011903367118449630e-07
6.601176256990898663e-04
-8.896205152905156980e-04
-5.061709325142586422e-04
1.832924173050171405e-04
4.433343636331865174e-05
1.716095203128596071e-05
-4.961987182261349024e-06
-2.619727304970380460e-06
-1.213305181502089307e-06
5.158674984152397470e-07
-1.491606116499680981e-07
-1.033588068450858261e-03
6.880870104443343762e-05
2.599407684879004600e-05
5.503095813619639329e-05
1.984577917772289261e-05
-1.658927992737952779e-05
-1.273216444954121079e-06
1.358674115906063759e-06
8.929630269797980646e-09
5.866696050657311281e-07
-4.278223425886556061e-07
2.993525108572765714e-02
5.001851143043844344e-02
-3.220109661470651335e-03
-1.229534287412666917e-04
1.833092856525694045e-04
1.154099699573746111e-05
7.198489562129466428e-05
5.438549801257553648e-05
1.002191460135032229e-05
6.280387717528584407e-06
1.347102977007548002e-06
-1.731434171986932644e-07
3.259082367692209097e-03
-2.115098024750930450e-02
-1.191386106919995868e-03
3.081937127100395943e-04
7.637415449563023518e-05
-7.658993236425293006e-06
5.821480662256911471e-06
3.755292473441380481e-07
-1.552043282754197260e-05
-1.153147497382729348e-06
2.260813873182255656e-07
-2.086871684014943533e-07
-1.041723212119785970e-03
1.006275205067208491e-03
8.105734411553051910e-04
-5.195836494083396059e-04
6.892543641049586886e-06
1.897985190659345499e-05
2.377774551910137783e-05
1.026885386237119332e-05
-3.749281506165215765e-06
4.258699382271882402e-06
3.168366474230685356e-07
-2.518714111713503990e-07
-7.845628312700695306e-04
2.096876450804221440e-04
2.387635268581273743e-04
-7.344303619317125737e-05
2.047319709621977038e-04
9.021415980306318118e-06
9.204998158961629994e-06
-6.495221671869852468e-06
-5.634004442154299325e-06
-5.173788528232210075e-07
-1.146347058424973542e-06
-4.148674809662312610e-07
8.989505958177207781e-03
-2.783099132890983407e-04
4.998271038926893704e-04
6.483519358902591165e-05
1.334677549851852243e-04
-1.820620820292807808e-05
-5.519891817019232456e-05
-6.885885285668000982e-06
1.236870190179453370e-05
4.977432632021390739e-06
6.080689978568533738e-07
-6.114703319751392079e-08
-8.415840670399131127e-03
-3.925578382062483093e-03
-2.722822290643201089e-03
4.061228088499994286e-04
-1.230095445536925718e-04
-2.592823905532278827e-05
-1.769062566191772324e-05
-5.494897863728063868e-06
-3.329144943533650770e-06
-7.262850059220216447e-06
-1.922906309725194626e-06
-1.565798563009844462e-07
-2.082283093286740622e-03
3.681500017958295318e-02
2.113468869945046413e-03
1.161460430031341980e-04
-7.376003006699258658e-08
1.795990108885198080e-05
-5.291359492059954559e-07
-8.608888541301213074e-06
2.229536698331930199e-05
1.298589905014380776e-06
9.774335983678078184e-07
5.467924216426873427e-07
-7.620914549112916929e-04
-9.481587292040494089e-04
-3.753258211981241790e-03
1.218323337140734123e-05
6.093831125059414423e-06
3.779776147561225843e-05
-1.075914974459220061e-05
4.048317992113220880e-07
1.064754773511104788e-05
-1.155576983945236931e-06
1.514834606862592782e-06
6.365331156237852576e-07
-1.176749458142480596e-04
-4.791659099739772166e-05
4.510864002997069452e-03
5.111160305040464901e-04
-8.091827916538935951e-05
-3.804593030093095490e-05
-1.379765095678913191e-05
4.118051850468504134e-06
8.436232893282565536e-06
-5.739689301194307154e-06
-6.840088863688024639e-07
3.395458616904905786e-07
4.333292464634250923e-05
7.427244140337683695e-04
-7.246728698815127316e-04
-5.574516146873337340e-04
1.613478018181807789e-04
7.567607245490767267e-05
1.826761013461035917e-05
-2.272380779237305058e-06
1.811138215161336629e-06
1.043741879286506182e-06
2.679418419997352208e-06
6.974334239017345416e-07
-8.837534798348789771e-05
-5.729853662730456291e-05
4.239826999539154603e-04
9.065568495497502760e-05
2.665235829551682647e-05
1.962799930554234786e-05
-1.659951084658729603e-05
3.045617503530377911e-06
6.638545268551077456e-06
-4.024144050163238980e-06
-2.313991549722530900e-06
-3.635151821297955252e-07
4.360589678184197127e-02
-2.383615874627145401e-03
8.677891449057313980e-04
1.459241175973523923e-05
-5.889940281958681585e-05
1.218183323957252478e-05
2.917339379628321056e-05
1.029738299025276077e-06
-1.682942663552501677e-06
3.331357123535699092e-07
-2.508705412707604603e-07
-8.088740164821166256e-02
2.277524845144379402e-04
-2.076481408406742753e-04
1.118240844681455233e-04
1.885148581506769546e-05
-7.780868898942452854e-06
1.421552545972899363e-05
5.578949536697940090e-06
1.071443853144460799e-06
9.343978289336687064e-07
1.136427662451440988e-07
1.632367257513039904e-02
8.039056967703220660e-03
-1.592379509801509054e-03
-1.514066431746142691e-04
1.125021252822637041e-05
7.088263187631312759e-08
-8.515962928349818319e-06
-1.000071369847834508e-05
-8.485352288120991918e-07
2.224118141308031756e-07
-6.728802867506034402e-07
-4.604822052974873355e-03
-3.084889316294401641e-03
-5.058687087595301534e-04
3.101321031658501215e-04
5.956449769064576968e-05
-9.047824929581148792e-07
-1.841114052269045217e-05
3.801982807517118458e-06
1.601026377974707994e-06
-2.548741672322827253e-07
4.206014752054730915e-07
5.496538829532104063e-03
1.635131225012291089e-03
-2.896128204535952178e-04
1.148023364463091837e-04
-4.844552799162091174e-05
-2.183599264659932793e-05
-3.745005914042624600e-06
1.718862833520922437e-06
-1.310242159218318621e-06
-5.803089137918224007e-07
4.841133357679940658e-08
-3.100780058522157635e-03
-8.594441289310420645e-04
2.027683227492517296e-05
-1.422072154909502951e-04
8.450674340929401740e-06
-7.814956016716176774e-06
-1.118847084745248026e-05
6.611104953728873307e-06
-6.385842542368564227e-07
-1.206633500028648973e-06
1.022778536303537208e-07
7.341140870806715790e-02
7.804560356963272626e-03
2.192627804618057401e-04
-1.006316774270884704e-04
2.707071632886294934e-05
1.592805315184031768e-05
-1.066325926092467036e-05
3.924945304017451753e-06
1.913878233228025642e-06
1.232822019305825285e-06
4.496001308404564752e-07
8.359184125719600501e-04
-7.186577983489668105e-05
-4.872620408346914475e-04
2.498618153744667689e-04
3.524585448256131243e-05
-2.346719266791845831e-05
4.662655746429240336e-06
1.123063209997036874e-05
-9.111310486294424617e-08
-1.141045420791593131e-06
1.659827340356021970e-07
3.737536698410785785e-02
8.532086809422818191e-03
3.135543072130998082e-04
-7.672838018621997737e-05
-1.627785565018622643e-05
-9.232932963535622528e-06
1.137401953292956613e-06
4.273370963985257973e-06
1.185861140233611275e-06
4.281657080447618765e-07
2.778571659727404328e-07
-2.887770551305618785e-03
-3.630423940202404023e-03
-8.656698165294758780e-04
1.777645714080474391e-04
-2.130230790979008263e-05
-2.298414260379901841e-06
-7.694415655720949455e-08
-1.409981851796774639e-06
-2.057106690419391091e-06
-4.715903591156904415e-07
-2.334705922575809348e-07
1.622520236368536414e-03
1.298246699166740207e-03
7.256813290162922314e-04
1.348717254591971402e-04
-4.542146871166253825e-05
9.765005947545228515e-06
-3.803330030521269959e-06
2.302139596879994239e-07
2.354133001981769424e-06
1.620893580652965226e-06
1.291991359509196633e-07
-8.076992966685089250e-04
-2.631426192441797601e-04
-5.669352351344582422e-05
-3.030817680957031304e-05
-1.124523047915646678e-04
2.215985061102896588e-05
-2.849769234359016828e-06
-5.037442536473976314e-06
-1.185056267824491875e-06
-2.816780253339066884e-07
-4.675308559939849410e-07
-3.373981612855758705e-01
-1.477012480819945295e-01
-1.560692460053966953e-03
3.971084588338079369e-04
4.971122432752850961e-05
-5.929182261910341550e-05
1.621135274399216242e-05
4.022965306454822385e-06
3.137742594636612358e-06
-5.967289171928920728e-07
7.093181915958364897e-08
-1.360534455900110501e-07
1.385694617203419091e-02
1.754723566179947417e-02
7.684681417903019111e-03
-1.013778152532696444e-03
-1.709237638159083255e-04
3.822008662176990028e-05
2.914013667314735350e-05
-2.232643850392052813e-05
-1.137168125569477897e-05
2.340754007842576465e-07
-1.171473852331915092e-07
-3.313978753138211910e-07
-8.676109502161301681e-03
-8.703377011227067875e-03
-1.988775405417988595e-03
-6.424110510554678632e-04
3.250041129738540069e-04
5.778705397430885566e-05
8.258496714032977049e-06
-1.827949822050177635e-05
5.049692592009382936e-06
3.106307451137506738e-06
-3.762396774002556046e-07
-1.087461781187265273e-07
4.697664798892055640e-03
8.501779371916450001e-03
2.239798084815705984e-03
-6.500190365549080246e-04
8.351599223105653008e-05
-3.417597849492267167e-05
-4.363406994210228047e-07
-8.290202838984119484e-06
-3.525062481590640721e-08
-2.186355187617204754e-07
-8.175059990429966212e-07
-1.431915252277689596e-07
-6.274196832366467531e-03
-8.748368230095213138e-03
1.549798662424524106e-04
9.345167116078178734e-05
-2.445234795409958507e-04
-6.348243174626245941e-06
1.827353446765620556e-06
-5.508322133083000741e-06
5.549950846429248354e-06
5.840603511328482301e-07
-1.722771909892979830e-07
3.202325820567513120e-07
1.978169485691891327e-02
7.244094406852377710e-02
7.673290666335552852e-03
3.611825884383034944e-04
-1.539899704739176571e-05
2.403477010541039776e-05
1.496679197621124251e-05
-9.813708189775557458e-06
4.025151332038325781e-06
6.784304133267709480e-07
5.063861059518668561e-07
2.005302716481771795e-07
3.782624771071015687e-03
1.359996181994004754e-03
2.218131525690910267e-05
-6.466594393840996912e-04
1.888801804026465643e-04
2.225916856003052848e-05
-1.316234720785958089e-05
9.488707980211060316e-06
1.007712584563629887e-05
-5.501091711509040590e-07
-4.474655028536363216e-07
3.802670356893996336e-07
5.548039269546292673e-03
3.707355219248830575e-02
8.048495261189432190e-03
3.950134986276191687e-04
4.872115607383259922e-05
-2.377491185857809620e-05
-1.974793648859691478e-05
2.637679550874418370e-07
4.539754895181406186e-06
8.923649592279687209e-07
-3.167030694678659401e-07
1.597202659821600723e-07
6.621247151007056658e-05
-3.300379217103099807e-03
-3.983323643420620154e-03
-1.052757040100315731e-03
5.524884094958591100e-05
-4.360993949868095495e-05
9.316756812180958350e-06
7.662339841184196096e-06
-3.616815253009800591e-06
-4.135088488967519334e-06
4.695683298398625110e-08
4.117736803558448367e-07
2.313605540507011860e-04
8.329442067639092296e-04
7.498239896496477607e-04
7.177127258693910853e-04
1.759216556083624105e-04
-5.445247101176700356e-05
-5.548323743831510367e-06
-5.806828971290476599e-06
2.464347570210289310e-06
1.417469924463217691e-06
4.574399762363400503e-07
-6.510392048912078954e-08
-4.582040144565252469e-06
-6.245733769288799387e-04
-3.822737001240781012e-04
-3.695994713017876593e-04
-3.097033050684385412e-05
-5.869758448404987442e-05
2.316820426281087221e-06
1.050062764873429563e-05
-1.803885531553156061e-06
-2.694691358187325148e-06
-5.216464796789007736e-07
-4.300570951152443230e-08
-4.273166063515178581e-01
1.388796553013431989e+01
