8.714992594626837230e-02
9.216597983205226940e-02
1.201685892101095610e-01
1.924088155809146328e-01
1.288390164949315686e+00
-2.433094780639465451e-02
4.827418235616726117e-01
-1.719679614388900171e-02
5.123568212379476378e-02
5.584456525421738898e-03
-2.863310899853772212e-02
-4.039659822838609013e-03
-3.027726029627413051e-03
-2.191693346285154397e-03
2.284433370201804318e-03
4.348836214143782589e-03
1.588600909035598873e-03
-2.834258809121497757e-03
-1.451677420603898891e-03
9.226287573879933491e-04
2.983516429424889929e-04
7.914014615941629383e-05
2.451746831390224225e-04
-3.181901529285411289e-04
-2.046435267569462612e-04
3.196106306439478817e-04
3.882570168222857176e-05
-2.455526387571421872e-04
5.463215578290893333e-05
1.483114058806104087e-04
-7.566353832934459957e-05
-7.537770215328041753e-05
6.048539489715303079e-05
3.772505596586721023e-05
-4.227620560058992477e-05
-6.571011466795497074e-06
1.152117402820907667e-05
1.754343599968870848e-01
-1.441568429158869291e-01
9.620304740531446241e-02
1.029929877957548312e-01
-3.875794478437304125e-02
-5.480578161131752224e-02
2.059075999970576623e-02
-9.037311080560142887e-04
2.735926565240952638e-03
6.657500102293760491e-03
-5.352148835449567314e-03
-1.053037103382235655e-03
1.613638079018603648e-03
-3.061523862586321403e-04
-1.216897186584139185e-03
9.122510006292231183e-05
8.859672797260270466e-04
3.940607974093458750e-05
-3.479459007913052117e-04
-5.281353543467215590e-05
-9.122869837268604413e-05
5.996801881769903250e-05
2.645769821920404639e-04
-7.875968249848677185e-05
-2.476215717301351923e-04
8.178732595187805914e-05
1.688472813331316140e-04
-5.972237355147026890e-05
-8.585800420152246151e-05
1.752031870678935814e-05
8.912777226122996598e-06
1.114285005792506423e-05
1.952861254969192193e-05
6.122010580624385329e-02
6.346199185007249666e-01
-7.166208258826621894e-03
3.716008535069279667e-02
-4.909041388396466303e-03
-3.704225791529322520e-02
1.356279666692998716e-02
6.284377527681780061e-03
-4.467890184557484282e-03
-5.463173447383683256e-04
1.165858868864673220e-03
3.544421682083062305e-04
3.008751166829560847e-04
-4.292931016332048608e-04
-4.480068842535659106e-04
2.146206234214771496e-04
3.019038726198289475e-04
-1.628927203865080807e-05
-2.411802503488443754e-04
-1.426372882549697897e-05
9.922205971074698702e-05
6.293655232109590611e-06
-8.653179102596836577e-06
-1.842442210477783954e-05
-2.971890759264087591e-05
3.364533520603149819e-05
4.192700839676058878e-05
-3.974935476777086016e-05
-4.584805127896686390e-05
4.726581962401184479e-05
5.206610487569944621e-05
-3.331968767789917350e-05
-3.381266633758680666e-05
1.125264834106195933e+00
-2.743149764342284885e-02
4.686668568215571762e-01
1.401754972980698028e-03
1.071652143539950780e-01
-1.455184254398807393e-02
-4.610059635526063404e-02
-4.160173732379317431e-03
6.622410752101477033e-03
6.855819447028546100e-03
6.313816860358041627e-03
-4.278476548154513774e-03
-5.759921944823527887e-03
2.307052340939690950e-03
1.551444619644834272e-03
-7.334040671048076051e-04
9.422712976291732108e-04
-3.811566577916995898e-04
-1.159627014568140628e-03
5.697249030137152039e-04
3.388192653236003532e-04
-2.172354707771302000e-04
2.600884226766196237e-04
-1.160777210985109066e-04
-3.010971558053560917e-04
2.073505872525995474e-04
9.885354902757519026e-05
-1.318046715981898624e-04
3.251769262160989399e-05
5.922767350795985961e-05
-5.365635232938862834e-05
-2.351636695847396041e-07
1.488161549439761976e-05
5.066726443588995821e-01
-1.054495709077301335e-01
3.019906031269397051e-01
3.121029362740324054e-02
-9.356154121961501868e-02
-1.132898765715393240e-02
4.683080614517035056e-02
5.098926760109744397e-03
2.217848499305054896e-03
-4.981820833572532699e-03
-4.418878137933716747e-03
1.075639677356645578e-03
-1.393092217479414974e-03
1.453897785997487204e-04
3.215243345518232956e-03
-1.571754594187505861e-04
-1.787609609836262985e-03
-8.186975853748194301e-05
2.556800310374393202e-04
4.118186958464317921e-04
2.815901746605268922e-04
-5.329255300137900834e-04
-1.565799059592512825e-04
3.886119941195636022e-04
-8.818247843200526632e-05
-1.618322746843383903e-04
1.684512361469881305e-04
1.391235191494370041e-05
-9.797233035679816767e-05
2.811659084318843794e-05
-1.946013868009470755e-05
1.813094384329030893e-05
5.177385134280642601e-05
1.633034184885365503e-01
6.139196664061933317e-01
-6.186644484650832831e-02
2.452194446694153790e-02
-4.855683471125644968e-03
-6.015013629985303985e-03
2.770451238680057132e-02
-3.354920086847970172e-03
-3.973555771450688195e-03
3.549519947114287716e-03
4.879110946616186024e-04
-1.231348032059188585e-03
-2.007157127830803533e-03
6.645621555782082459e-04
1.782740876571896772e-03
-4.485252257938261472e-04
-6.926855521526330359e-04
1.108380657771164857e-04
1.398562186864778592e-04
1.974701351127100267e-05
1.285558347424454961e-05
-3.073761800052442639e-05
1.815795890456926167e-06
4.238592794254614834e-05
-6.296658382160475527e-05
-4.012090443119197615e-05
1.092466654887164516e-04
2.545159292342139066e-05
-1.163880764820734526e-04
8.688265264052691050e-06
1.169748086649973189e-04
-2.147739934394533390e-05
-6.693604112311914893e-05
8.034329332016595382e-01
-9.337647914378226915e-03
4.245400720024370966e-01
1.245434360348407765e-01
1.187773956687398214e-01
-6.482577721883517330e-02
-1.447644572980139738e-02
8.550879922380931128e-03
4.250053086475796306e-03
7.989950245492684344e-03
-1.684289955505455932e-02
-5.410253748490684430e-04
1.102386280930314592e-02
-2.995088415947046688e-03
-9.251903743592020818e-05
4.491132855914415625e-04
-3.893378766003778059e-03
1.470438801978310277e-03
1.944397561983046089e-03
-4.650678527910604766e-04
6.547440119888473247e-05
-6.673706165004549907e-04
1.161930092735264356e-04
3.606878423857177648e-04
-6.597143019333534747e-04
2.425011956479080862e-04
3.845194454528999312e-04
-2.577577666341432719e-04
5.543424283241877627e-05
7.872664815791669327e-05
-1.162394376408223409e-04
-2.605908466410199160e-05
2.285077283777267983e-05
7.917641409318701973e-01
3.126642911513208452e-03
5.231634942931278065e-01
-4.695618246034546223e-02
-6.049463073480824266e-02
2.117252988025279670e-02
2.038374763087276442e-02
-3.177532306915540673e-04
-5.208097001379425293e-03
-4.585694767806408807e-04
4.505967843221677857e-03
-1.865852358741579287e-03
3.011729546353192170e-03
5.241656886841731183e-05
-5.922568631258057562e-03
6.216972450449955194e-04
2.179474305380261264e-03
1.090079258187264411e-03
5.668201060035107626e-04
-1.757038651934753407e-03
3.601105973848104622e-05
6.167320965964272986e-04
-8.698806411521934701e-04
3.377259246333362964e-04
4.768666477788462946e-04
-2.688073051166881846e-04
8.127296476468890438e-05
-6.610153647338837333e-05
-8.901105316604200895e-05
7.820590273321694201e-05
-1.245062132046369458e-04
1.122558524541754875e-04
8.469804575292786222e-05
2.011312037137812370e-01
6.120468664409229875e-01
-1.154077743064914618e-01
4.601978852999907138e-02
9.400717122504747073e-03
1.176793236419611949e-02
7.136925729821437569e-04
-3.571124101867588323e-04
3.240904460624414660e-03
-2.747565391452341018e-03
-6.571935430754425288e-03
-1.051267417369848361e-03
7.545104897117250672e-03
-4.351742807614898808e-04
-4.673627865145906814e-03
1.115651133581769400e-03
9.018214059681371698e-05
3.830019086805029139e-04
1.237252354197845849e-03
-8.470202367663261407e-04
-3.632451354574326471e-04
2.062921505341369231e-04
-1.204166690943122572e-04
2.669446408629607055e-04
6.552953452051728203e-06
-3.449236125757028544e-04
1.159365010611252176e-04
2.653017818568411106e-04
-1.592442817773412692e-04
-9.933637155861942862e-05
2.022180180952329071e-04
-3.572519000583153375e-06
-1.111957043477278560e-04
3.055906133434700411e-01
-6.005244118640631207e-02
2.158452376617396862e-01
2.418974901368417529e-01
5.598292031071405717e-02
-4.384480205895095739e-02
3.247294221100863881e-02
1.398718947151052737e-02
5.274000786965510161e-03
-2.440108837535961278e-02
-1.505950968720610322e-02
4.903690416022614407e-03
5.323299805883890306e-04
7.578638582279767326e-03
3.586663111250282449e-04
-4.476372566930368266e-03
2.159996548486087242e-03
1.459711146669288406e-04
1.305939088667344239e-04
-1.092440260198690254e-04
-1.432673118590460344e-03
7.280268387913869325e-04
7.482528205539545679e-04
-7.440127235225123606e-04
-2.106104853269766502e-04
5.889575172915145068e-04
-1.474332708039147839e-04
-4.269781871460133710e-05
4.008117225540614456e-04
-2.826111769389284020e-04
-1.800979679171941421e-04
1.319287830334974322e-04
-1.088629433129132273e-05
1.001227971814718565e+00
3.914280333569694625e-02
7.557976053802344385e-01
-3.920682891713506146e-02
-1.191776776244750369e-02
-3.239498383496328821e-03
2.329333318246291570e-02
-1.282807629314396992e-02
-6.049702380329777989e-04
3.587734186883521654e-03
-5.149969532705733592e-03
3.083058883656761111e-03
1.659854468014353721e-03
-2.656275884144439561e-03
1.747795525602224192e-03
5.886534687347358841e-04
-8.207788206442575261e-05
-2.436864105135474014e-04
-1.424294298025662736e-03
1.565595344884053203e-04
1.058696007061513513e-03
1.606042761467643730e-04
-5.456101420581353041e-04
-1.268869970155901412e-04
2.935344382196181166e-04
1.318235660804106873e-05
-1.841358153244232758e-04
1.898881835812563795e-05
1.830644949247536401e-04
-4.697736707339154741e-06
-2.107719006448112041e-04
1.533641933259261405e-04
6.523293308387661811e-05
1.057542973715353551e-01
6.787482549262207066e-01
-6.163158954731452754e-02
8.527036971244840446e-02
-5.874779213835064351e-03
-1.947113139966876252e-02
-1.492030174692320250e-02
-3.829276651878258568e-04
-2.520558364708924085e-03
-4.710520309455347790e-03
-2.276421623062348069e-03
1.556735207734732604e-02
8.283783367257095687e-03
-8.967115355710375546e-03
-1.613708778895597482e-04
-9.586572540102595696e-04
-2.934830315610814210e-04
2.556107096092840886e-03
-1.553471471501555092e-03
-1.176448778085819160e-03
7.300899445973564519e-04
6.311685079807251774e-04
-1.744830898421734851e-04
-2.809511833786283502e-04
1.200108733735989782e-05
3.119989132943488020e-04
2.476800980580302425e-04
-4.569813302752320978e-04
-9.544690484899773860e-05
2.626580333149164501e-04
1.717241929464865445e-06
-4.459047549180924125e-05
-5.150334316056991109e-05
