1.114025810669515698e-01
1.176981346031865244e-01
1.391969077658359033e-01
1.540200815436237880e-01
1.336431109844614662e+00
-3.473526510193605810e-02
5.973436282447645018e-01
-1.568890905139603414e-02
7.249207732645808477e-02
8.874430443109662670e-03
-3.657822949259088852e-02
-8.319375859268318338e-03
-2.894427655168569876e-04
4.916168660095921123e-04
5.589296379994316069e-03
8.109908835673780916e-03
9.635444825971777039e-04
-7.475170869986279797e-03
-2.561674844149115955e-03
3.236956380104168227e-03
1.323700297227233631e-03
2.940869368969889074e-04
-4.187210466153319199e-04
-1.570495473928895788e-03
8.053766419554259190e-05
1.577412773257056084e-03
-2.252604586371654313e-04
-1.214634376448086271e-03
8.644626851490311292e-04
8.723290200266785874e-04
-1.347667464368824302e-03
-4.731150233759344611e-04
1.262597869124657945e-03
2.799795318293517407e-04
-1.040356623995086598e-03
3.542412517367120409e-05
3.122458757265684126e-04
2.112289540648690789e-01
-1.353813446869514825e-01
1.283432496758694641e-01
1.080656595254314845e-01
-4.991317524127837635e-02
-7.126929727615698151e-02
3.760798814113425204e-02
8.354244340858017412e-03
-7.917619516854098455e-03
6.856070410929470706e-03
-1.470480243599575979e-02
-2.466848612553267008e-03
3.503621126582679400e-03
-1.053565465520201177e-03
-6.797434347305668801e-04
1.175017413736702872e-03
2.392684708247183080e-03
-6.025670593244785225e-04
-2.536238951300928343e-03
-6.988491576956374761e-06
1.184603318717261568e-03
6.163175155760419440e-04
4.274086584748517368e-04
-1.241467391497341494e-03
-1.553247979965949755e-03
1.574905267377735328e-03
1.774767716810019555e-03
-1.108893594070785955e-03
-6.051975484895305134e-04
1.924403349784920957e-05
-1.461679862618363854e-04
3.457080683957513200e-04
2.948142362879220221e-04
6.946146835056195290e-02
7.720152507831276045e-01
-2.101958650105520063e-02
3.989919129036011147e-02
-2.981196313948485891e-03
-3.927594068840643826e-02
1.922849210889550700e-02
6.636751906557032329e-03
-6.655190620731705683e-03
8.910775138899591167e-04
1.252214078974853541e-03
5.613621300752947565e-04
8.553063328752318409e-04
-1.166293814798256530e-03
-2.219556096116495972e-03
7.690759148389982080e-04
7.874665898640813115e-04
-3.088306406141329849e-04
4.158114794323238450e-04
8.441322677105525529e-05
-7.342509220982947320e-04
1.887095129040393683e-05
5.198996662008643216e-04
-1.704929751574309400e-04
-1.064957158072616522e-04
4.697950398848190910e-04
-1.546533387998768369e-04
-5.526533573681344973e-04
1.289631357848022169e-04
6.675697297091968399e-04
1.380440991762252377e-04
-4.791175667908546885e-04
-1.631659242722934943e-04
1.120763904322625404e+00
-2.623238003963012863e-02
5.644213844151837467e-01
3.039755631268416247e-02
1.327102908900945899e-01
-3.612982608499664544e-02
-5.814849034478224155e-02
4.363476319223971722e-03
1.249499780241257983e-02
1.024646814376415326e-02
-1.621810615257617862e-03
-1.184732595760694743e-02
-4.908840066022277307e-03
5.986878181318397094e-03
2.048963039277883029e-03
-6.455983108008610076e-04
8.932442257047754682e-04
-1.971626959158943437e-03
-3.261375847028010399e-04
1.497832459020795705e-03
-8.199540079981304953e-04
1.549196662802917069e-04
7.660313076631239523e-04
-1.312997802871589299e-03
4.911761146412797199e-04
1.080716979447190465e-03
-1.231492496050431897e-03
-2.057174042279543411e-04
1.118085133076219531e-03
-7.509221920730759815e-05
-6.291490615529265638e-04
1.637661455283907742e-04
8.681471937746388799e-05
5.924193802688941801e-01
-8.642957022193403782e-02
3.920413035769645393e-01
1.273043177620996474e-02
-1.030708320764153335e-01
6.934645469366959060e-03
5.796398335162770282e-02
1.209054855866212687e-04
-4.405464715350948177e-04
-8.750605890076640705e-03
7.045694893938456160e-03
2.478146366412306827e-03
-2.183460872693140757e-03
3.014104391961339342e-03
1.795261978050575677e-03
-3.448373606073898770e-03
-2.944960397348538126e-03
1.217020046216234046e-03
1.824899291033616746e-03
8.859113388309959982e-04
-1.070485502729043433e-03
-1.546553701840848232e-03
1.607185194101898090e-03
1.144676455720011060e-03
-2.205944225635058861e-03
-1.275476369541936436e-04
1.538518136290050213e-03
-6.809034836561282319e-04
-5.695161059398265186e-04
1.507621948749154981e-04
-5.074611667513852275e-04
2.543470308710544473e-04
2.009493258534929142e-04
1.765858082324545109e-01
7.085449214654194749e-01
-9.644049501024865023e-02
3.328257610925895033e-02
-7.973966496571590354e-04
4.318871763915938487e-03
2.650638184603028996e-02
-3.008870467488489187e-03
-1.070991955837978000e-04
1.623148149811563584e-03
-3.096210472097668098e-03
-4.368249101151503236e-03
-1.714217838869723119e-03
4.180074566719212993e-03
2.626568323406094571e-03
-1.566756308861798862e-03
-2.002739640305261682e-04
-3.326330727766900952e-04
-6.920845951344919630e-04
1.140045996081585824e-03
2.782788598457963105e-04
-7.557953932099619561e-04
2.210368704701524229e-04
-9.045139459250875176e-05
-5.460867616906070606e-04
8.870401038516072907e-04
4.987574229665909598e-04
-1.001794448662937393e-03
-9.989356569856377164e-05
8.953921895998255944e-04
-9.196296645202524508e-05
-5.203540289541275059e-04
5.242812669715007912e-05
7.337443250066625344e-01
-6.298642868593272437e-02
4.303876791598868490e-01
1.281452715081807525e-01
1.543832819465045525e-01
-7.090126658689525907e-02
-2.741643921788797927e-02
1.241014421007773615e-02
5.845451027815283702e-03
8.869906038790982897e-03
-1.259391181775700030e-02
-6.240452156652765911e-03
1.267639918478472363e-02
-1.529068221373613848e-03
-2.392363018505677241e-03
1.016959787442139711e-03
-4.639541853697735398e-03
9.578585980521964324e-04
3.201032134317013163e-03
1.174724138300016821e-04
-6.945523360444937457e-05
-2.076554829267170544e-03
9.872008234853892072e-05
1.889891488629629043e-03
-1.567504563918658894e-03
-4.826830795604936369e-04
1.744622310410327793e-03
-4.586314659649158836e-04
-8.140411032877256431e-04
4.574759887150620184e-04
1.172229250337385425e-04
-3.453829578266197570e-04
1.028995430663939159e-04
8.674338414490319060e-01
-5.918027814358543803e-02
6.161685828134149112e-01
-4.196833530379231320e-02
-6.007060172719550645e-02
9.128373980846550204e-03
2.378855982977144679e-02
-2.470449970984976013e-03
-5.931861228348571900e-03
5.556612430328373466e-03
3.457493584825074937e-03
-4.929156338970967256e-03
-1.373362112696510044e-03
3.358515567520120159e-03
-4.261232055966584012e-03
-1.074405750076810624e-03
3.708174674340808732e-03
1.892282486953488722e-03
3.433076265186918506e-04
-3.301643222768136775e-03
-1.351106593739326940e-03
2.638854310167931642e-03
-2.080914782741958386e-04
-7.494804301691218541e-04
7.034626515928821570e-04
-2.121735346336758616e-04
8.686462349513411694e-05
4.564930957672388469e-05
-5.295240486765675179e-04
1.579032728195302955e-04
2.526134443296572168e-04
1.288077587260624617e-04
3.752536120247033577e-05
1.923668803589761167e-01
6.663481454280455463e-01
-2.857338137740524434e-02
5.642537908392274149e-02
1.948150506415983682e-02
7.668154512085541448e-03
-1.229403334241104635e-03
4.027366242643330013e-03
1.005260858004001500e-05
-1.492170730326224971e-03
-6.286458140707811698e-03
-4.701010416209198441e-03
9.662950193516246442e-03
2.854552918651068628e-03
-6.233944720864688198e-03
6.531350355897802551e-04
6.671743129114805597e-04
-6.287610801439868580e-04
2.241575816010377316e-03
-6.039950717173321257e-04
-1.725422324362546047e-03
4.486387295726372852e-04
1.792098266300872953e-04
6.061186654941329993e-04
4.925104493354858512e-04
-1.180337323354606815e-03
-3.093347972947831765e-04
1.001325014937289428e-03
-7.210197538825249993e-05
-6.250620597022231049e-04
2.320467092297106529e-04
2.525907539733761569e-04
-1.196512325377420833e-04
2.509532441894244958e-01
-6.949815860044095128e-02
1.598586392785964205e-01
2.275240856791954092e-01
7.629787194015087703e-02
-6.158270512842838745e-02
-4.585480472765728760e-03
5.382210323834811516e-03
-7.752679120083925610e-03
-1.107889698612036719e-02
-2.325647091421189847e-02
4.694041007207674920e-03
1.497076463724723080e-03
4.980686682699910287e-03
5.686823205192518930e-03
-3.692482655349083129e-03
9.175141970130209395e-04
1.777249137986645932e-04
3.920476848562659588e-04
-4.415808470924772826e-04
-3.594148379143471527e-03
1.808777495871148741e-03
2.982889330224964847e-03
-1.563674794438498416e-03
-6.864463756612806814e-04
5.639605636200687626e-04
-3.865773349030593138e-04
-1.255965550924575491e-04
4.287880564775336839e-04
-1.269095540533373627e-04
-2.535297346114131004e-04
1.228181802784223330e-04
1.296205054410036624e-04
9.968773785609933435e-01
-2.882944298667882571e-02
7.430801120736061360e-01
-2.714416686756989869e-02
-1.018888944440648429e-03
-3.418358958513017468e-03
3.270541646214730758e-02
-4.183362940196364704e-03
3.207206797466887437e-03
9.072226281245166987e-03
-5.899580475620610359e-03
-5.473538573154667622e-05
5.820223724138230519e-03
-1.290390613170679362e-03
-1.864470897585567954e-03
-2.213650197426215299e-03
1.324716658212372715e-03
1.667475920601719499e-03
-2.880842704348922714e-03
-8.594147680530594068e-05
2.142916364217225741e-03
9.390129227196166708e-04
-5.886252910784653229e-04
-1.519438453920726219e-03
4.788465943194055948e-04
7.902347341417614987e-04
-6.875447562809109455e-04
-1.412086375848143791e-04
3.113593740369603518e-04
1.575172234145717309e-04
3.782656997945263336e-05
-1.007003768801203547e-04
-2.924564278631328019e-05
8.407420170789621505e-02
6.417907543440191098e-01
1.015477642642660487e-02
8.695829164406644607e-02
1.516759500263890371e-02
-6.011725865478211549e-03
-5.713343099684138615e-03
-1.525668414614167858e-03
-6.702324554010836944e-04
-7.160448914575665881e-03
-3.181472910757301899e-03
1.022023773213786083e-02
1.139615911395676882e-02
-3.936466753885065062e-03
-2.891737497537956274e-03
-2.110107076880970729e-03
-2.728760894713423788e-03
3.206481199088734389e-03
9.400097932273106640e-04
-7.936002954790458445e-04
-6.086804201252197762e-04
1.903761577232812076e-04
1.287172757122550691e-03
-5.532059125283917984e-04
-1.252073630740191011e-03
4.438744682128449863e-04
9.393025347306544360e-04
-2.631482856648714188e-04
-6.523498296044920753e-04
1.091034546348627448e-04
3.996499412115489341e-04
9.730414877871628785e-06
-1.805443409178969787e-04
