1.293797463603915121e+00
-5.100508673617056010e-02
5.665984255188050156e-01
-1.479986261902201290e-02
7.481486654974760231e-02
2.777647404593736827e-03
-4.915988727007825076e-02
-1.714092320128147691e-03
5.684657227832118701e-03
-4.316962584036615654e-03
2.580579593750287164e-03
8.567245058611396361e-03
1.349166667949971109e-03
-6.213406793111797902e-03
-1.324101360922539305e-03
2.202317093768207251e-03
2.039950704938198211e-04
6.670016298697538674e-04
1.934276767994886888e-04
-1.603152085273609403e-03
4.866035268977762264e-05
1.512806850507391080e-03
-4.904836212062237220e-04
-1.125415855123012166e-03
7.860493616919244936e-04
7.010960408312806418e-04
-7.743763440654725244e-04
-3.883502865225620039e-04
6.516707424362318778e-04
1.729629201090232896e-04
-4.610219726384580450e-04
-4.582305966389602955e-06
2.586740247835547899e-04
2.333782608271587067e-01
-1.574855071082348346e-01
1.453619896870866623e-01
9.742786379231967164e-02
-4.659186450162635523e-02
-6.159947782318287574e-02
2.691502206145468881e-02
4.430823410183695570e-03
-3.035272923976532321e-04
9.929358747166982038e-03
-1.661106342595040572e-02
-4.020654272688388604e-03
7.109933714119642464e-03
-5.756262335298432302e-04
-2.599390613846414271e-03
7.690875976303775900e-04
8.027827459619765824e-04
-4.441491047851326709e-05
2.352034258439398271e-04
-6.001544137069148499e-04
-8.697215532166938665e-04
9.518134806849278722e-04
1.124480445864675226e-03
-9.992769280851355497e-04
-9.813678140252713681e-04
8.501797480746334408e-04
6.570894962820227709e-04
-6.207578537828321863e-04
-3.527489804556649031e-04
4.057175198229967593e-04
1.519058575222898336e-04
-2.108720906445651737e-04
-3.585098778415604892e-05
6.746605585582915454e-02
7.718931775910623516e-01
-7.260896570760988142e-03
3.322337488461887117e-02
4.802070495984331810e-04
-3.884374965945643077e-02
1.478421000608923230e-02
3.544417070531532665e-03
-3.872250597319748175e-03
1.326385222114586076e-03
-4.720106415296093042e-04
8.907264486806827728e-04
1.623013139749784417e-03
-1.090528460032896873e-03
-2.424139579029913494e-03
4.937026350428524481e-04
1.595293379827826107e-03
3.226019106725790776e-05
-5.954455002156601277e-04
-3.720368567722894676e-04
-1.658244924276343303e-04
5.526492262527139387e-04
4.610491735393834893e-04
-5.584158985540513005e-04
-3.686779163074543723e-04
4.791662496207596631e-04
2.182059624053428264e-04
-4.247382116971281686e-04
-1.424482657607592539e-04
2.627036372934110587e-04
7.775287453289081701e-05
-2.163473101847802665e-04
-4.312952006864576151e-05
