2.093730701611107026e-01
-7.770442047033494781e-02
1.089121352384253005e-01
1.902355267935012806e-01
1.938360258511543505e-02
-3.622224585010950376e-02
1.225377202248015968e-02
8.338167177704353464e-03
3.331577744153896119e-03
-1.141169178858584751e-02
-3.593880966045595766e-03
1.323680583847165098e-03
-1.335969815970270737e-03
1.960813959554594255e-03
-4.322138294708864300e-04
-1.143105068917040423e-03
6.881128674363786411e-04
1.611711846671592258e-03
4.757905029980060091e-04
-1.799523500088874963e-03
-2.913553424990162136e-04
8.936538970828779294e-04
-3.306583965499185034e-04
-5.297015084615817876e-05
3.871716526766632682e-04
-1.604614990437324795e-04
-9.772768187573567934e-05
1.308630877937885597e-05
-1.068015915822813675e-04
1.008344613866948858e-04
8.314783624235668759e-05
-6.421531344076255622e-05
1.308176749430545859e-05
9.454804616725135391e-01
3.338059063237291263e-02
6.414683952260940014e-01
-1.683292516210389139e-02
3.442769081410754911e-04
3.112108870625046163e-03
2.484589675572287937e-02
-3.366460323834820877e-03
-2.844357666157476885e-03
1.201346972323452276e-03
-6.670791570778713056e-03
1.122935233270837795e-03
2.511418832616442876e-03
-6.629634112253103432e-04
5.405581239244409237e-04
1.835665618373703530e-04
5.543836779264420690e-04
-5.441688504671171253e-04
-1.098422741133693852e-03
3.489144091574183145e-04
7.318360007984801288e-04
2.754723648098028273e-06
-5.492199947953087247e-04
3.217263322138768126e-05
3.559273607313485151e-04
-9.680727627280604766e-05
-9.260322780385467215e-05
4.056030790053489338e-05
-1.874764965898802519e-05
6.897282465224226813e-06
2.709630137842577530e-05
-3.547859706224154076e-05
-2.044154029506025456e-05
6.268545679468531806e-02
5.262565525081494000e-01
-4.783619013552665999e-02
7.431206622464295308e-02
-5.967362020821640996e-04
-2.782280414762995906e-03
4.439145589458748332e-04
-2.331403427866028753e-03
-2.450997274756150455e-03
-1.020076473468053968e-02
-2.981567605916127239e-03
1.011458442743559324e-02
2.020065727201678357e-03
-1.694158327367036336e-03
4.990343749748008635e-04
-1.281959851385118705e-03
2.275464269372238753e-04
7.791846727398468340e-04
-2.548449719601571630e-04
-5.149276536758924791e-04
-5.600515897448234462e-05
4.430316678584503265e-04
-8.073691184586301471e-06
-4.165940175747249899e-04
5.164511707001259186e-06
3.757616768925793778e-04
-1.950449224629107633e-05
-2.063379646601222765e-04
7.750664393416025226e-05
3.536709857841227410e-05
-5.575966755978349924e-05
-1.466491733186897434e-06
-2.667856429195120529e-06
