1.128438841778777624e+00
-6.777290100062008382e-02
6.810461603466010372e-01
5.000051000488982961e-02
1.579706759258191207e-01
-4.927848829301716832e-02
-8.807000004155884909e-02
2.049522391583927933e-02
1.486110575334814200e-02
1.118473888916714926e-02
-5.224032699279282030e-03
-1.407839775111875691e-02
-6.865188341180603233e-03
1.233804054523262791e-02
6.248073699344302775e-03
-2.657869959336232619e-03
-2.420796290731240964e-03
-4.185073754404388009e-03
1.353458240636874017e-03
2.677019042978783826e-03
-1.136377113189544373e-03
1.919477991230525719e-04
-3.933503597067610608e-04
-1.259662453128609005e-03
1.884424796257998767e-03
7.053262383006292727e-04
-2.587087984585330434e-03
1.195390827201194862e-03
2.616588100997976028e-03
-8.930705168376342536e-04
-8.190150860779072577e-04
-1.128251606424989254e-03
9.384093707373435957e-05
6.770524902980732396e-01
-1.152963681437500637e-01
4.949030563205675803e-01
1.337377065618184681e-02
-9.998505679311404937e-02
-7.244966761802213578e-03
9.046587625105888264e-02
-1.805327266092938629e-02
3.462136893235839667e-03
-2.004281550460314254e-02
1.207636970176738031e-02
1.129293359129103676e-02
-1.205230244051596830e-02
-7.510999290047816034e-04
2.887055524889761780e-03
-2.871621694178489847e-03
-9.050907219319329587e-04
3.519952083073799379e-03
3.007471103668414407e-03
-1.231843761701867714e-05
-3.459677275055163953e-03
-3.876791362894324057e-03
2.833299586917744500e-03
4.251847117175190129e-03
-2.330153924744041063e-03
-1.910676701355433190e-03
6.137954921267027662e-04
5.539919612862081750e-04
1.675723639831479522e-03
-3.802286536846885513e-04
-1.859381184507765848e-03
1.360659630407056863e-04
-2.669199178768236029e-04
1.576068537314997409e-01
8.469450758543055624e-01
-1.076371562620987432e-01
5.913777470314774548e-02
7.860163164539992614e-03
3.196760369337794169e-03
2.309469483649129878e-02
-6.956381576894117742e-03
1.014013092360723477e-02
-1.459245407579276826e-03
-3.427383469327578095e-03
-3.638393242249573015e-03
-4.523245193018951039e-03
8.321410170502143225e-03
4.922953731602858901e-03
-4.449628495477716758e-03
-1.130885504883031309e-03
-8.512376076909301511e-04
7.587055878516326410e-04
1.757325855615987902e-03
-8.391471463963977653e-04
-3.121492515646957333e-04
2.150172317852035706e-04
-4.674350973416235172e-04
4.230145724505092897e-04
1.204040794986636388e-03
-1.847874859978100614e-04
-1.591417045724382098e-03
3.009908539173537139e-04
6.685169927231323977e-04
6.740524938445731622e-04
4.305921497043855390e-04
-1.154078806615685491e-03
