1.041368394528471963e+00
1.207785065206612093e-02
4.324320022497592508e-01
8.279586629729518421e-02
1.124217837544493198e-01
-7.101813505310010377e-02
-2.228688944166547573e-02
6.489600445008594960e-03
-5.596992808992565065e-03
8.726754692095611485e-03
-3.996392500303209104e-03
-5.892428957384175311e-03
3.956300235849623953e-03
-3.831383502160367162e-04
-1.330851443052025705e-03
1.079002382500815005e-03
-1.849400892219742708e-03
1.016325246303978946e-03
1.741766332459942666e-03
-1.340696500616457955e-03
1.015768873841655973e-04
2.567405272116057911e-04
-8.697371281578458648e-04
4.283883806966751716e-04
4.474071923405995369e-04
-2.954601213507951287e-04
7.695549668800052707e-05
-2.190150075359771213e-05
-1.365279120960705486e-04
1.437073703037686581e-04
6.122572689009463871e-06
-1.369718120836121078e-04
4.507859559240943450e-05
5.767711064229289475e-01
-8.886073252461822169e-02
3.849225539897234150e-01
-1.635763460972423575e-02
-8.686068751236621088e-02
-1.740557569376991950e-03
1.959113121120115153e-02
1.365943228049791569e-02
1.028993888758663851e-03
-9.952319282121487032e-03
9.864947704058588118e-03
4.506243557041703833e-04
-2.276502042998299925e-03
-3.117008067164705760e-05
-2.984294408446984317e-03
2.367251248300112580e-03
1.535756448330965985e-03
-2.287922305296241805e-03
1.372652097039551121e-03
5.177026904456808647e-04
-2.058384781884486751e-03
4.838466873357483915e-04
1.099619654725929752e-03
-3.452700208187512972e-04
-2.254758955978679942e-04
-1.888472280104607756e-05
1.097383558730021674e-05
1.334266673563307257e-04
-8.311367405257250832e-05
-6.623149357311960072e-05
1.319147109577034193e-04
-2.853882664854067249e-05
-1.280205386974070326e-04
1.369715538376847785e-01
6.546375475302890212e-01
-1.805660869879464892e-01
2.379586749722222352e-02
-1.133010937531443198e-02
-2.709971678693738725e-04
2.470881330208468674e-02
4.562849821384812495e-03
4.025767484556839505e-03
-3.397866102037429975e-03
2.368493435459997215e-04
-3.025735351348088960e-03
2.677951974995614439e-04
1.509993442455447119e-03
-1.036015660161173279e-03
7.203887275681116354e-04
2.281866216952649438e-04
-1.002261521499075644e-03
9.706402796843766143e-04
2.561845667980081173e-04
-1.430787422209907648e-03
4.712233487218244182e-04
9.669913809148408465e-04
-5.427844221148397583e-04
-2.545560899294844527e-04
2.250194024573989719e-04
-1.027362328995779737e-04
2.520274224918419447e-05
1.201714600633655490e-04
-1.169217462343283189e-04
2.318030294633397504e-05
8.097136109904763028e-05
-7.629730156876853779e-05
