1.035727534991629950e+00
-6.567543906031035605e-02
4.853559395132229781e-01
2.982425165293946939e-02
1.300348289337369678e-01
-3.760740542425990152e-02
-5.247390427655477391e-02
2.853330917500136905e-03
3.725381369559127923e-03
1.179461437392912565e-02
4.601100005636262619e-03
-8.804506813056528491e-03
-5.112917027535443353e-03
2.968285360198943349e-03
5.771368571664026474e-04
4.049054606434076956e-04
1.097115882063749801e-03
-1.168423858823932357e-03
-1.261277957780582973e-04
1.541478644142361401e-04
-5.941313667691250746e-04
9.541759380061663699e-04
3.143489949740311097e-04
-1.173178775742546786e-03
3.658614949432354162e-04
6.311467222759667558e-04
-7.261370402607216943e-04
-1.080486898874749666e-04
6.430320273240866568e-04
-1.565102345491254602e-04
-3.634331632161209315e-04
2.805166740189535745e-04
1.658798709912781403e-04
6.258378384792244731e-01
-1.197743195262095245e-01
4.195946105052124064e-01
1.067301284214320495e-02
-8.927298445317680131e-02
-8.655020785364836780e-03
4.268508249919755748e-02
9.056813445981323416e-03
5.139101279226255268e-04
-1.427664368486310058e-02
3.075096553348879991e-03
3.541061439139442987e-03
-3.516340530769980228e-03
2.897776358757265559e-03
2.787911216208587180e-03
-1.761638592137987781e-03
-1.144670170054240847e-03
-7.126537593210755753e-04
-1.091416790623638221e-05
1.742284547932701141e-03
-3.031038562448884564e-04
-1.425510684783421649e-03
9.754886941680084977e-04
5.662878617102277577e-04
-1.089240649108250223e-03
7.150892451918918521e-05
7.564410433068024294e-04
-3.004927517487151665e-04
-3.376162839099468771e-04
2.643250613861075561e-04
7.446849478883030195e-05
-1.055181353512612879e-04
7.166693281402251891e-05
1.603422025611182244e-01
6.739106655590094697e-01
-5.899251221015507779e-02
3.171972154039900960e-02
6.207405642643863512e-03
-5.018813625285356052e-03
2.265928918690508428e-02
-1.328214590173265380e-03
2.518130760293163864e-03
1.379711445846435770e-03
-1.383301827874336117e-04
-2.980256254309101693e-03
-5.227471660358647132e-03
2.781426896065049455e-03
4.118323081915595089e-03
-1.304858737145733012e-03
-9.025257073466022399e-04
-2.683758305864748740e-04
-3.063229108414733566e-04
9.582720474341522307e-04
4.793840003107574993e-05
-6.354218293346809536e-04
5.376251838955568938e-04
-3.307349251815840487e-05
-7.310236295522495485e-04
4.309323932821765464e-04
5.498649607850929297e-04
-5.217463441834639714e-04
-3.308149632271105076e-04
3.836057309995359924e-04
6.259001801573115485e-05
-2.871963084346359379e-04
5.147736092357909791e-05
