2.382243981731077542e-01
-3.493942120811111690e-02
1.315743956254687430e-01
2.906691559253620216e-01
4.914759198862124479e-02
-4.282565181055772441e-02
1.365871650656637695e-02
1.287559741466639054e-02
-3.866604812238206863e-03
-1.706560559971396357e-02
-9.574859911895829481e-03
2.995741791137573429e-04
2.538641853075321981e-04
2.952075966225634843e-03
-9.635798205106262376e-04
-2.642070870730947249e-03
7.378388730733145915e-04
2.786392936898121533e-03
1.121029189151659562e-03
-2.165279389311631098e-03
-6.038264986069451353e-04
1.062758023902594115e-03
-2.044770749215272620e-04
-2.296805145125126017e-04
1.575914379558927727e-04
-8.788650015722610615e-05
1.815997195325813582e-05
1.112805874987479520e-04
-7.963855132383951285e-05
-9.754873131286599978e-05
5.766028796772684669e-05
7.000879872933730671e-05
-1.347119214787062480e-05
9.380331085199899999e-01
-1.279039677519269681e-03
6.934781161470311428e-01
-2.829272588100757713e-02
1.475352846138347496e-02
-7.478430677755547318e-03
1.962058722648215084e-02
-4.232074182187726442e-03
5.598237382385904022e-03
7.680584812761521128e-03
-1.645836482265222375e-02
2.485125958930780622e-03
5.307888612726937953e-03
-1.629619951154025019e-03
-3.389376760255485670e-03
9.120488222551676469e-05
4.337193638313923023e-03
-9.147306308898536971e-04
-2.728471571273416267e-03
3.395893270497079577e-04
1.499714001103840191e-03
1.676347388325718113e-04
-1.032840811736692767e-03
1.004209312309808677e-04
5.514032636758522087e-04
-1.557327449205990878e-04
-1.147208677814762879e-04
2.056232993288729009e-06
-4.489848924102904636e-05
4.295763614745378784e-05
6.305352769764523190e-05
-4.611530438970608259e-05
-3.565863122991494628e-05
6.010519208363349075e-02
5.801801402638068206e-01
-5.630418385489802807e-02
8.586833548120169357e-02
-1.987715051829203397e-03
-1.509579550139709611e-02
6.613606320937148557e-03
1.238862488974656201e-02
-1.417714815638439641e-03
-2.265420927183551050e-02
-6.270382692557203985e-03
1.124260173551395320e-02
3.278336856752682871e-03
-3.465401493255374811e-03
1.263346781304986409e-04
2.326175045728218291e-03
1.164738967542576237e-03
-8.504677930136695296e-04
-6.576915877767974643e-04
-2.368061892120447908e-04
-2.222050159018323118e-05
6.116716776253246050e-04
-1.356964177655229639e-05
-6.902681600281492186e-04
-3.695852534629297653e-06
5.815422790109113765e-04
-1.843533105130489163e-05
-3.951080474820671865e-04
7.492218540943957684e-05
2.112057767374627413e-04
-6.647147094598595185e-05
-1.200365694284676222e-04
1.366253056949153013e-05
