7.230675497467601298e-01
-3.627348179273570672e-02
4.204705598681925949e-01
1.774613451225549587e-01
1.912499779666778366e-01
-9.474959774640327737e-02
-7.770486749431038120e-03
1.686241697736507242e-02
-4.522338867516832554e-03
2.083545039246348807e-03
-1.387791967618442514e-02
-2.009268363234645305e-03
1.741111068308982476e-02
8.385762574126234999e-04
-1.698117637159099426e-03
-3.741026960757895710e-03
-4.733371497849330443e-03
3.743686199495193778e-03
8.457028604531966918e-04
3.470794558127677674e-04
1.488600202806782949e-03
-2.353423160265990036e-03
6.814549681272924020e-05
1.485954482633034066e-03
-1.506322391198919221e-03
-2.999526148308685942e-04
1.164112551808297539e-03
1.142695376017455774e-04
-3.559852019008674586e-04
-7.232415389807053728e-05
1.143793069109063948e-04
-1.031523185379590622e-04
-1.791355461418574040e-04
8.336893840730192906e-01
-9.682982556022506904e-02
6.183565965792570118e-01
-4.556025700534116485e-02
-5.573759196605700128e-02
-5.909936344200665548e-03
2.024940926063015928e-02
1.086741126415394438e-03
6.332140596931518095e-03
1.399467369525208595e-02
8.299044729817116675e-03
-6.521291457029913287e-03
-4.700664595031898985e-03
2.058501289521209431e-04
-5.981690839560582090e-03
-7.002054599521984751e-04
3.839532274905363765e-03
3.800600708848902217e-03
-3.666033002622765767e-05
-4.057669483064781611e-03
1.172827846687125560e-03
1.927661207612797398e-03
-1.693760339943046036e-03
-5.530997433632701748e-04
-2.549716089302274106e-05
7.562108059456533124e-04
9.006641168425237425e-04
-9.383411938156137116e-04
-3.138780647706969091e-04
5.007295110544611157e-04
-2.896888606379587625e-04
-5.556193094517206441e-05
2.542154943864898811e-04
1.488817430890667093e-01
6.836877734779290838e-01
-8.893934797688275717e-02
5.138934375204048249e-02
-3.335825120738618050e-03
-6.248304967968709191e-03
5.220305008130935766e-03
2.149730973644560506e-02
7.532037805735030019e-03
-6.931496264230218533e-04
-7.932554122116517933e-03
-8.810696764622098732e-04
1.053469825725174454e-02
-3.665058636782009402e-04
-7.455656831987107422e-03
-4.071820469633633931e-04
2.464314362128139108e-03
1.493844210862313102e-03
-7.299486410791564605e-04
-1.566798827541948051e-03
4.384401784771989048e-04
5.120075626567032172e-04
-2.119903545576101950e-04
2.034273712442578852e-04
-2.637901145185541653e-04
-2.146037506116498265e-04
6.275132628808861206e-04
1.717871110174290690e-04
-5.223639995976250231e-04
-2.004700237489972451e-04
3.503444828166341041e-04
1.499192194801996251e-04
-1.794875069736173679e-04
