2.403464884032738280e-01
-4.171816988716096214e-02
1.759768705695720081e-01
2.627118251970864127e-01
7.002870023908290553e-02
-7.776930699734831143e-02
1.199793541408002324e-02
5.050364694254642385e-03
-1.345389236314695571e-04
-8.801473698577299068e-03
-7.326342600790494188e-03
8.917139147381288738e-03
1.062695316922461367e-03
-4.606573403934517870e-03
-3.003819526908543293e-03
2.154700773429324770e-03
7.085693325347064073e-03
7.323140027090698076e-04
-2.117743049400923078e-03
-3.783113362195699922e-03
-3.333263687932895916e-03
3.955032546747576719e-03
3.266872993615606117e-03
-2.026120719800525785e-03
-9.966450762141881685e-04
3.380233447347552947e-04
1.989628268865757484e-05
4.813865664902166897e-05
1.897787130211163638e-04
-1.739017680929456588e-05
-3.604848977484448650e-04
-2.336127309249328622e-05
4.203230379636491046e-04
1.042059275881699110e+00
-5.078605257722464822e-03
8.242543431147106858e-01
-2.586464043612244496e-02
7.147257706018960051e-03
4.741899763712351112e-03
3.829918295495340214e-02
-3.866990173312039687e-04
-6.463485100094054289e-03
7.247482348884622116e-03
-1.661122985903511207e-02
-6.675846044038118675e-03
1.364755594384326615e-02
1.593762857019711361e-03
-2.880761063036274029e-03
-1.079890687460805963e-03
5.410445350415484661e-04
-1.685831629423595920e-04
-2.744767423562857050e-03
1.191449188821501210e-03
3.322889858901022231e-03
3.289937518714594329e-04
-2.628117988812093964e-03
-1.651431630076634393e-03
2.101488991983417164e-03
1.079967307078015179e-03
-1.555688577200749602e-03
-8.784936376923858686e-05
1.240413782796578749e-03
1.307763470977794763e-05
-9.239775074930215446e-04
-5.688383251053832652e-04
4.079023590259427362e-04
8.073386227914206015e-02
6.916347341545039384e-01
-1.655090608542459166e-03
1.115979570729638132e-01
1.629000318519707377e-02
-3.001067681400013294e-03
-7.360452237178605715e-03
-4.266817638212923487e-03
-1.591415705721293053e-02
-1.708471311801112655e-02
-6.782901050029721719e-03
2.163188130138436055e-02
1.436694904375972366e-02
-7.572505547436336054e-03
-2.266198234946383179e-03
-4.142815703584939546e-04
-2.547712318250897143e-04
-6.972847594831718286e-04
-2.201018370460443470e-03
1.652449488274660783e-03
1.454941398822213279e-03
-1.709254576941428880e-04
1.505214032074974240e-04
-8.930831253577256384e-04
-5.562350086087263380e-04
6.342354276691732160e-04
5.106556230823284040e-04
-5.051725354304944507e-04
-3.277101801717690428e-04
3.372792530871017392e-04
1.586840071349327006e-04
-4.583208588149338984e-04
-2.704468468913916288e-04
