1.061909125208152282e+00
-8.356905597229198623e-02
4.861195431052413585e-01
2.822305646678298363e-02
1.544339571584054105e-01
-4.708697782879002480e-02
-7.232604540883488808e-02
1.105822551445137698e-02
5.913513751287707843e-03
7.184816600237597592e-03
4.292378391488251010e-03
-7.368437863954461174e-03
-7.166518584930720373e-03
2.571270642699190808e-03
1.476402769268298941e-03
1.384652335009734902e-03
7.370745114748078171e-04
-2.490537770313461154e-03
6.948768391106044384e-04
1.231031741544446560e-03
-1.821054836578615528e-03
3.775599460975543795e-04
1.376495048440950402e-03
-8.807743180651362615e-04
-2.315676308423356047e-04
2.836993567745368840e-04
-4.182912296788221821e-04
1.866735188488032699e-04
2.701185093149738401e-04
-4.463571913696429334e-04
-2.403151316406427213e-05
8.157089550903469290e-04
2.371784250856439561e-05
5.867709845219308828e-01
-1.789468389276397120e-01
3.805642272684021110e-01
2.776778458909808650e-02
-9.491661603951466464e-02
-1.433934665722624326e-02
2.475916312146616075e-02
3.319248587949653276e-03
1.067590522211547648e-02
-1.777683379877333103e-02
-5.117241690794702494e-03
6.818345938893508040e-03
2.199232841285621103e-05
2.619948232900697841e-03
3.715283881878238292e-04
-3.604579297247450295e-03
1.396590125413624652e-03
5.793835154080284773e-04
-3.169004601278871316e-03
1.757428772211787685e-03
2.607650891353229927e-03
-2.126768687857946618e-03
-1.013441813723743026e-03
1.138787161113487397e-03
1.730039796907750890e-04
-1.505342643606573535e-04
-2.439780290350410010e-04
-2.317391987523117125e-04
5.167871054146046684e-04
1.758358802647445049e-04
-5.678009629677572157e-04
4.481860584813438669e-05
5.446875148735788553e-04
1.367833706299984298e-01
7.426553907654724895e-01
-4.273079552669225428e-02
3.335020970715581179e-02
-4.477821096792821039e-03
-1.251298358530377082e-02
2.202595778253682232e-02
-2.476575194237420809e-03
9.977565444180727661e-03
-2.230779877635615232e-03
-5.886967173323216784e-03
-6.610851477101993817e-04
-3.810785304408492464e-03
1.208640959006047942e-03
4.452593836170134350e-03
-1.667896945614340829e-03
-6.105459169504953406e-04
2.832283593309634822e-04
-1.934766086807194552e-03
1.441890415621684346e-03
2.143546347421699562e-03
-1.990066173106568113e-03
-8.334862366230577722e-04
1.236850220252971953e-03
-2.519465111626033641e-04
-2.825386619371308516e-04
4.233557693402684543e-04
-2.465203331250958858e-04
-2.650186593177884103e-04
4.105574210207168042e-04
-1.351727268490884035e-04
-5.049758347049401047e-04
2.595184130327326676e-04
