7.135294882707514663e-01
-4.237455408481739794e-02
4.851648450541530821e-01
1.715401723026520886e-01
1.627929450592394967e-01
-9.799553851791872883e-02
-1.894520239801190942e-02
1.509028171210121533e-02
-3.761880227427371205e-03
2.450105228361162176e-03
-1.404631193914068592e-02
7.005220660521560127e-04
1.774104509500947988e-02
-4.654213707412800031e-04
-6.780572089027932063e-03
-5.359780028179100299e-03
-1.326421203124158272e-03
5.070602503238558906e-03
5.991199605346883084e-04
1.604249079735818508e-03
-7.682002810601471854e-04
-4.278908828501942069e-03
3.636476691409771915e-03
1.400887589185419169e-03
-4.046683990642703857e-03
1.290860572773209298e-03
1.595688553418368478e-03
-1.053881419630566842e-03
-9.010452448494891031e-05
4.262101339650572552e-04
-1.516839666584824376e-05
-9.731999901013651567e-04
-6.066880042881464194e-04
9.425471460741466911e-01
-5.060455585006291140e-02
7.348632816511880828e-01
-4.583999784215508910e-02
-4.998495754722188239e-02
1.782598870645005912e-02
4.109372201965307003e-02
4.984577702314169079e-03
-4.688625835631805155e-03
9.372851926649092280e-03
4.128918944776635916e-03
-1.148993768066099500e-02
-3.673630733614566442e-03
4.965263605672176617e-03
-2.372670900317994970e-03
4.516579835051865279e-04
3.788874690360200664e-03
1.699772923633121159e-03
-1.622616141254658046e-03
-5.235153190503361552e-03
1.961406701036319446e-03
4.537896033555709890e-03
-1.983666056228344278e-03
-2.462328900495351202e-03
-1.472081348834897846e-04
1.930349852432050551e-03
1.340816816315991682e-03
-1.402998861761275756e-03
-1.051145513858229479e-03
2.480164447838086798e-04
2.819797982287637595e-04
1.312956249800407245e-04
-4.851310954445853686e-04
1.703113401549934403e-01
7.311893806757642222e-01
-5.713851154005895883e-02
8.035824228424598425e-02
1.718088292965903874e-02
4.981243885839672231e-03
-5.077785794650303483e-03
1.444568289851196757e-02
2.463461750921179094e-03
-2.583802841471875529e-04
-6.141788412880937360e-03
-5.707946671783604639e-03
1.085097816804951251e-02
-5.677590169593104037e-04
-8.135696812744022677e-03
1.348168793172641782e-03
2.327328483786007384e-03
1.368000647091143114e-03
4.580355174051138991e-04
-1.956484339748289485e-03
-9.506453524398187195e-04
5.886805952896905425e-04
4.773458490905534602e-04
9.716292307939723705e-04
-5.237474756518856883e-04
-1.039817688019899688e-03
9.087312324240439569e-04
9.229016575096263405e-04
-4.939501483359964255e-04
-4.876983619361696795e-04
-4.033625899843469316e-05
1.153285125798050783e-03
2.340310558856031615e-04
