1.315309576620976140e+00
-4.529264227297748885e-02
6.113757162517324817e-01
-1.238242631283190294e-02
8.449991609584643626e-02
4.998496088340784183e-03
-5.056148581605729442e-02
-4.763328172822157459e-03
5.163718357798162059e-03
-1.172014473151493548e-03
4.750262689589724620e-03
1.042913383789327054e-02
1.146956336683819036e-03
-9.280677088529431379e-03
-1.905704866086971707e-03
4.645622927830142870e-03
5.743712735147754513e-04
-4.379246354604471921e-04
5.682504049768359497e-05
-1.503617069496648948e-03
9.415377694071065502e-06
1.789738748318702713e-03
-4.354742704472474809e-04
-1.444509887269490806e-03
1.011702343113730527e-03
9.533360535085575512e-04
-1.247575830644765326e-03
-5.167710625969183878e-04
1.080792211995299261e-03
2.199503130009380545e-04
-7.460630489684798132e-04
-1.032246003803245740e-05
3.376429097447246255e-04
2.289196249214368872e-01
-1.535380613497515367e-01
1.466569062940104584e-01
1.040493830861907026e-01
-5.030775505218457871e-02
-7.273138283885959010e-02
3.634972182715750372e-02
8.844701212642479965e-03
-9.537238864503258876e-03
9.705871220221068407e-03
-2.197359690717435449e-02
-4.978029490214710973e-03
9.021238129912002163e-03
-1.205021392790572767e-03
-1.841312189163412478e-03
1.511273132292036093e-03
9.182408051450557333e-04
-3.907642721634583161e-04
-6.739084578600932360e-04
-6.081286275485292981e-04
1.149856348781066003e-04
1.287011828440702988e-03
6.099034227709109086e-04
-1.522590685673040362e-03
-9.273829924277462436e-04
1.369395396144179339e-03
8.417844054286586792e-04
-1.019449986223627900e-03
-5.886063397345651146e-04
5.858936781400017092e-04
3.259797637077782822e-04
-1.777374020264766395e-04
-1.455976516303616715e-04
6.518898461375048636e-02
8.261367303292626030e-01
-2.149652412220594971e-02
3.927898935493438770e-02
-2.906366948358001033e-04
-4.089135933093058367e-02
1.821313794223406238e-02
3.656606254109844890e-03
-5.057612892970805331e-03
1.657067357951364211e-03
3.246804463488004648e-04
1.143663431973112720e-03
7.420219623567852335e-04
-1.619103071694967229e-03
-3.400792465215306520e-03
1.005325232064194956e-03
2.350910512754486766e-03
-8.548720145938322294e-05
-6.152166110224462081e-04
-4.725970071718422236e-04
-3.887762606225403329e-04
7.273269464480494172e-04
4.785771635241364472e-04
-5.985446514599597695e-04
-1.912005857454866049e-04
4.227851521046319073e-04
-7.170854417932250599e-05
-3.181351423294107787e-04
9.942987514873100291e-05
1.816691751070480818e-04
-6.397167048730825355e-05
4.001580605763366711e-05
6.121829848666826611e-05
