6.881241341531265654e-01
-5.791708339449518073e-02
3.489638952712882936e-01
1.581220308916240214e-01
1.755479718716055904e-01
-7.772108577830874609e-02
-1.178796737449417861e-02
8.556785773326646555e-03
7.428837821431985241e-05
5.800840496866393331e-03
-1.430229378597820504e-02
-2.270924384099714394e-03
1.106071915571594372e-02
-3.634139977909798700e-04
1.320209738384453112e-03
-1.849570117385281216e-03
-3.849124786741986003e-03
2.093200803051202281e-03
5.846666431029069353e-04
2.720049948449049216e-04
9.757469225539945612e-04
-1.506613453691844689e-03
-1.301026777387433229e-04
1.080105874440272619e-03
-6.552568127198223243e-04
-3.788600623773367634e-04
5.061164522697340646e-04
7.972031967216726606e-05
-1.389305790400700966e-04
-5.168381015076130254e-06
2.870374146817087811e-05
-6.258780845511703595e-05
-2.744426979964215453e-05
8.182528218524541819e-01
-1.067156987428586612e-01
5.705327682723749794e-01
-3.849697951481072244e-02
-5.193188106154211087e-02
-1.044330250137068261e-02
1.448743581271349536e-02
3.634140892071157942e-03
7.452003941131162814e-04
8.321549091816241375e-03
8.706114224001455446e-03
-3.882374204819561553e-03
-8.916531620927530748e-05
1.831283333752277724e-04
-5.470830605365151547e-03
-8.686426350210397487e-04
1.264180276608087078e-03
2.670837465370209073e-03
1.141330007256436199e-03
-2.539355061779830034e-03
4.296623064724839269e-05
1.016699603462948263e-03
-4.546645949625501698e-04
-1.147032631968466441e-04
-2.271422256723903087e-04
1.794885626765992971e-04
4.440976434008189104e-04
-2.860085558723208599e-04
-1.167732705146551115e-04
1.486593701885587223e-04
-9.958355249834791967e-05
-4.366323200879700621e-05
6.768190223090087519e-05
1.446549236556728957e-01
6.262661199818396751e-01
-5.978336479744539300e-02
4.705981948668114950e-02
5.102251845370228168e-03
-7.836652033042224713e-03
5.177487595938862208e-03
1.517264612390247305e-02
7.495239328478675578e-03
7.458493957571562475e-04
-8.311767789151752045e-03
-3.227310939488391758e-03
8.564116700242683372e-03
8.586479138454299184e-04
-5.177105641148968540e-03
-2.538623336540872045e-05
1.344910252646801209e-03
9.561751621309322411e-04
7.376843259435656558e-05
-1.040534261457310306e-03
-1.012685676223359005e-04
4.061645959796702197e-04
-4.363413744876148840e-05
-1.288260088648301816e-05
2.633718149511068044e-05
-1.682795112405618401e-04
9.394624764997169811e-06
2.321010214009648685e-04
-2.670507633692086208e-06
-1.884231162641511741e-04
4.379129424268336118e-05
6.953003074151845497e-05
-5.254549892812670407e-05
