1.294161821899190823e+00
-2.825109871949947268e-02
5.689315339670613092e-01
3.422843585889513620e-03
1.017800284623080892e-01
-9.132895411273376715e-03
-7.070508312655501837e-02
5.333023860310885135e-03
1.407586795106684219e-02
-2.832580536559768311e-03
2.587278111799321684e-03
8.864577934091786779e-03
3.056518693067373170e-04
-5.537209625343294042e-03
-1.085875571412543619e-03
1.842483114245564192e-04
6.502846742580323247e-04
2.945576106115705729e-03
-1.077790452712627930e-03
-3.159310662385257564e-03
1.488746261510901468e-03
1.790617001219495848e-03
-1.287753887360615964e-03
-5.373980367176497746e-04
8.217765266035656317e-04
-1.639431258519828867e-04
-2.795965590585896350e-04
6.307867350801269098e-04
-6.278067604412798913e-04
-5.321031757465931929e-04
1.162062685905145562e-03
9.207903345050551908e-05
-1.015155379419388710e-03
2.195350471155116667e-01
-1.857072225200004922e-01
1.420734996224318203e-01
9.169482205151022192e-02
-5.155199587794897370e-02
-4.531303987155543139e-02
2.516995880646294773e-02
8.406207132989223542e-04
1.792235687126778965e-03
1.366834540868301293e-02
-2.479500411169975257e-02
-7.515858797611831010e-03
1.352268651448535787e-02
1.288850254873176188e-03
6.633910345009440311e-04
1.821134335592689945e-04
-3.572095249206120975e-03
7.178091229449093781e-04
4.034480855672541513e-03
-1.296500300510690677e-03
-3.013676590715438659e-03
1.128118448535077355e-03
1.671655014485009085e-03
-5.314416018412268213e-04
-6.085325349626019478e-04
-1.989276495900261122e-04
1.374975570089287762e-05
7.467658030265851522e-04
1.515159206622809654e-04
-1.057585107637357136e-03
-1.201151441722729947e-04
1.009225707512065306e-03
-1.658346622792678630e-05
5.508768921516302847e-02
8.596503118939917698e-01
-4.120295699965068753e-02
3.222220130139514388e-02
1.303989282584861300e-03
-4.444802038699755681e-02
1.940505587227899301e-02
-5.429914473199307090e-04
-3.094546371184080970e-03
6.975288654219796020e-03
-5.078609028411450697e-03
-4.442093118489286131e-04
3.332012177161699021e-03
-1.337341172535030454e-03
-3.067678442748244215e-03
5.497009970426597770e-04
1.574494784358308839e-03
7.539331834044323000e-04
3.264216738645142352e-04
-1.363620252385589924e-03
-1.249146198352084998e-03
1.318009580277162236e-03
1.174441669279935752e-03
-9.050787802584395886e-04
-7.773409557193951790e-04
4.345614725424089861e-04
3.795088618849705377e-04
2.030913193301085772e-04
-9.880963222601994494e-05
-3.672222223239858833e-04
1.906531709180253576e-04
7.523740464654257894e-04
-7.487654189492004228e-05
