1.309741576670273133e+00
-3.780547436444330750e-02
6.117897662791630387e-01
-1.466288143162311269e-03
1.115053282635813797e-01
-2.333448949307905841e-03
-7.323564890014132300e-02
1.877126795824001328e-03
1.449101369675848475e-02
-1.332239431539755572e-03
3.878118069590974319e-03
1.122478167247869738e-02
1.294951798443149836e-03
-9.013607088058525618e-03
-2.576976667279802947e-03
3.162889203544001857e-03
1.291508278313412052e-03
1.652193772975461350e-03
-1.096579965124684034e-03
-3.621134174560054590e-03
1.045227494341753214e-03
3.289768792570430499e-03
-8.571043564462448331e-04
-1.996738213146514833e-03
7.248528588632974353e-04
5.107169094352436182e-04
-5.003881045331729643e-04
5.013349200069969983e-04
-5.605860764696988076e-04
-8.648687126456607727e-04
1.273086447206928486e-03
8.372592254550353117e-04
-1.102493577978128862e-03
2.162030106258157891e-01
-1.937577845284454703e-01
1.392981927024442013e-01
1.033474344092324693e-01
-4.999582719587468416e-02
-5.694268528830798148e-02
3.012056723786912110e-02
5.426560310095330901e-03
-4.536155925480613200e-03
1.457501883776163819e-02
-2.498178532705237070e-02
-1.230365060738015763e-02
1.934204899559210586e-02
3.617742830609637673e-03
2.535914319147927276e-04
-8.298145704677877075e-05
-2.878454344496412642e-03
-2.924085995045528491e-04
3.870707985147992403e-03
-6.072960216851877108e-05
-3.390682517332835755e-03
5.562664008127246205e-04
2.476927779066402397e-03
-5.940045082743776374e-04
-1.556811790465637566e-03
9.669675296239887627e-05
5.623032886578087017e-04
4.904916589733347926e-04
1.039865768020905776e-04
-9.050695758546210314e-04
-2.446348057402869666e-04
1.048306901379251772e-03
1.554719912041475308e-04
5.379599900231407661e-02
9.124564592073098890e-01
-2.851683641433800515e-02
4.052994879688036345e-02
3.558299895435738588e-03
-4.849961946663514795e-02
1.740144112650714170e-02
-2.207832576091512018e-03
-3.566664090556238061e-03
9.067744295901810844e-03
-2.597086491757624824e-03
-9.941609935901439803e-04
1.963053722031133860e-03
-1.124438988328365285e-03
-3.870130628561844772e-03
7.868720165036167079e-04
3.288602809861316742e-03
5.537719139861309141e-04
-5.512019276381075741e-04
-1.283012603571229062e-03
-1.357929426021996016e-03
1.169268271087530028e-03
1.696345269077700370e-03
-8.650740039687819733e-04
-1.393681159512340749e-03
5.227567216761441716e-04
7.246289796020894975e-04
2.645514047278968895e-04
-2.533045186915796904e-04
-3.755581410728761572e-04
2.183819236957860598e-04
1.025772224987005470e-03
1.151039857332396884e-04
