6.743186568530439295e-01
-6.334872780051120644e-02
2.982741977352637575e-01
1.446801361662287677e-01
1.485889492230112463e-01
-6.384211166257111603e-02
-7.680463835549282761e-03
2.156637752065394646e-03
3.519447344902486546e-03
5.001326089893612901e-03
-1.192680147870668096e-02
-1.731395784188600605e-04
5.309586372991714591e-03
-1.183181497742301531e-03
1.851385691017286240e-03
-6.941767230144835861e-04
-2.148859904631300784e-03
6.429119210590303942e-04
2.894752909731694709e-04
3.749620751176194330e-04
1.948214225345985340e-04
-5.989789355863176304e-04
1.385451606050670424e-04
2.935403946951773238e-04
-2.394685638290764231e-04
-6.170473472258256910e-05
1.208915241607191741e-04
-1.075243399552818299e-05
-3.475205568860696676e-05
2.601097135647489954e-05
8.687585500270787931e-06
-3.199854956743388611e-05
-2.584422320081612950e-07
8.002982797616638999e-01
-9.545117838114916542e-02
5.279194799475941391e-01
-3.569926415839142636e-02
-4.815899235502167641e-02
-1.229114838247457285e-02
1.084852646867858102e-02
6.855742964391423229e-03
-5.570397468529011097e-03
5.064992457077865939e-03
5.840360431094013087e-03
-2.746831162284628369e-03
2.694727086419347866e-03
-9.577092150687978149e-05
-3.306030184490012409e-03
-4.707229427008532757e-04
-1.537463590000875393e-04
1.425309071758960357e-03
7.735069611450896008e-04
-1.027391316267703110e-03
1.182849998366680123e-05
2.533098626555582169e-04
-1.202966617407665956e-04
2.033510965342046683e-06
-9.063402136383885276e-05
5.443830656338136597e-05
8.204983557264628434e-05
-5.462613062332228009e-05
2.275967663114269329e-05
1.016043435062070452e-05
-4.338017491600973770e-05
-6.065078678375325076e-06
1.413130784712543531e-05
1.413835964990455829e-01
5.735969824569190356e-01
-6.134749198394195968e-02
4.273465709973772730e-02
7.464772841059483938e-03
-8.467744794798703553e-03
7.096482852647491985e-03
1.030050109492773591e-02
3.599707638967816325e-03
1.264406717108993317e-03
-6.933054998998433582e-03
-1.733745329069087595e-03
6.332925512822969519e-03
-1.857979086086832704e-04
-2.690079573674688217e-03
4.327265419144878968e-05
6.816993687549348108e-04
3.903571130777862600e-04
-1.286007614899553023e-04
-3.012864275577822578e-04
1.614547890984029764e-05
1.226649458413850348e-04
-1.653194737413172396e-05
-7.372099333938292403e-06
5.826298047636780552e-05
-9.123625411749887231e-05
-6.364007384514367100e-05
1.052808590412469857e-04
2.000105100514893027e-05
-5.902668039785657320e-05
2.020440812162545524e-05
4.985410108117654127e-06
-2.032361195644800448e-05
