1.098742783595873629e+00
-6.478142496889104096e-02
6.051016476197114136e-01
4.182175611279513594e-02
1.772011501729273408e-01
-6.393989859570337053e-02
-8.733458517633448104e-02
2.266282507133613941e-02
1.069031620907672127e-02
1.295925499340813995e-03
-1.641656178543522216e-03
-1.044463980199251268e-02
-4.080071947385962433e-03
1.057100290967774581e-02
1.277468554598580087e-03
-1.545256861638136334e-03
-1.666915786163795021e-03
-2.154513972205797032e-03
4.632364382547677489e-03
-3.681345264356997702e-04
-5.224394560227080264e-03
1.857492156076209332e-03
2.376229658346444736e-03
-1.490028778140743693e-03
7.917265505362430875e-04
-4.212588746230039424e-04
-1.852778356344940555e-03
6.187106748492623726e-04
2.189051449868150670e-04
-6.645396426471288868e-04
-1.730938418433857504e-04
2.453134461652500559e-03
-6.493133540881842244e-04
6.169213572494076647e-01
-1.791781957632043454e-01
4.328431321513861452e-01
3.098626180928697529e-02
-1.118390638304984919e-01
-1.491116729063205783e-02
4.798524066586128123e-02
-8.051536543126791567e-03
1.164012519068437744e-02
-1.839088038858065904e-02
-2.901877968162238069e-03
9.948502503915638076e-03
-1.046559315728017199e-02
-7.088260094449632016e-03
2.541919829459665138e-03
-2.122772025994948582e-03
2.921470595879044254e-03
2.330998018852408708e-03
-3.437537619409317732e-03
1.122506285219382512e-03
3.506905273793750090e-03
-2.266091959036773632e-03
-1.048648546086544155e-03
5.611007194929834531e-04
-8.733974877227616861e-05
-1.274686803449387722e-04
-1.343523080981352379e-03
1.180500849152729594e-03
1.369259551501071648e-03
-1.582459272441783145e-03
-6.136926085746181002e-04
9.974970068115946581e-04
1.125653833294787669e-03
1.323090347889671892e-01
8.431646224023443548e-01
-9.115826316481548397e-02
4.926661412715725719e-02
-1.990018684503254420e-02
-2.445518512567049392e-03
2.699336280260686977e-02
6.559063618804215076e-04
1.793271617236150139e-02
-8.266759702121749889e-03
-7.462612277013046594e-03
-7.154904986552469183e-03
-3.048620375116826639e-03
7.319004633275540128e-03
1.145034487293489266e-03
-2.618456447066180425e-03
-6.545840336299791652e-04
4.824647907651776705e-04
2.312717552598765516e-03
-6.662252000607770796e-04
-7.807139753044692841e-04
-1.112093030695582123e-03
-6.335786511081363580e-04
1.949623657286074247e-03
-2.871469616565636303e-04
-1.102701853880308242e-03
8.207205028702771465e-04
1.013826330212759270e-03
-7.115523981299797830e-04
1.097003562422396022e-04
-6.649441503190061525e-05
6.587355901943184669e-04
1.032309593578350669e-03
