2.334214157106743459e-01
-5.952608256372854401e-02
1.532591738516147495e-01
2.426244661686651760e-01
7.079065497637555826e-02
-6.735846502261993995e-02
3.641667352175528231e-03
3.979742982040454687e-03
-1.637578214323708080e-03
-1.073151500039760779e-02
-1.293615129855443108e-02
8.012673701218537767e-03
1.218350392122383977e-04
-1.222842191730243687e-03
-1.482304069187760382e-03
-3.213895903568860391e-04
5.258948245135888419e-03
1.098028151480158086e-03
-8.662541990208795875e-06
-2.635054012080410846e-03
-4.478195413468873641e-03
2.828273338016793446e-03
3.033100562233824547e-03
-1.403983522006114256e-03
-1.863800004755401677e-04
2.348954791556874782e-04
-6.424697776978067652e-04
1.628487408429425719e-04
3.255212094199820094e-04
-1.123317266502980307e-04
-5.743756412604370532e-06
-2.173949395949635599e-04
-1.988513598955207447e-05
1.010988896983537444e+00
-1.919000532748025428e-02
7.763723638855501985e-01
-2.217365470755999074e-02
5.275969852507261110e-03
7.374661591284904305e-04
3.509862046235304872e-02
-1.362943466818400699e-03
-2.453313680284665340e-03
7.242179426209114507e-03
-1.254888550956199771e-02
-4.311467174502613131e-03
9.991469158590501193e-03
1.009176554313637392e-03
-1.873461522935622849e-03
-7.269257141905206441e-04
5.240213779076004523e-04
-6.442429882643750140e-04
-2.377550892637460018e-03
8.816992387348207604e-04
2.402495812121180786e-03
1.081298846924467691e-03
-1.415637609695064372e-03
-1.847927276131396471e-03
1.140216195133033749e-03
8.374811475941899624e-04
-9.608900501415681408e-04
-2.302550154620417255e-05
6.848997317414415179e-04
1.189679381774036719e-04
-4.416864867621835651e-04
-4.275337536908708504e-04
1.584140008274789323e-04
7.352701512560523567e-02
6.455180674058471624e-01
2.012656283831026210e-03
9.882800264849478378e-02
1.502827401114541044e-02
-3.476799351655254430e-03
-4.080421114550574629e-03
-8.700879840322783972e-05
-8.611699293216644110e-03
-1.290424559070373935e-02
-7.370251884177212755e-03
1.533685183483730376e-02
1.342855112077590701e-02
-6.373058606219009041e-03
-2.163654913171965226e-03
-2.709368411499556194e-04
-5.609629544890164438e-05
2.973740020914451701e-04
-1.941961702209654000e-03
4.299640593012975611e-04
4.136785972346125736e-04
4.577899922645548144e-04
9.968600720150222212e-04
-9.826823936065986163e-04
-8.402652949163214860e-04
6.258270371527320866e-04
6.082206344455143819e-04
-4.584412862391858069e-04
-3.815149775078205169e-04
2.748370767496440188e-04
2.911992845402213695e-04
-3.435628284206950541e-04
-3.315529730519369174e-04
