2.493272513027301462e-01
3.840470642938908618e-03
1.558814426204019055e-01
3.535266621568453616e-01
1.137328288367787654e-01
-5.742848851742708705e-02
-4.862147777954311037e-03
1.166452250932313583e-02
-1.705945103771236426e-02
-1.585956785550446044e-02
-1.939268743586012450e-02
2.072160467312754873e-03
4.186947640259230941e-03
2.452936600412839417e-03
-4.090921787242088326e-03
-3.702705912149912605e-03
3.307977728749493182e-03
2.863199873716294492e-03
3.131944236490369175e-03
-1.964294809625954496e-03
-4.037356895116232629e-03
1.596809550439218977e-03
1.408478452676348563e-03
-5.646446973182810223e-04
1.851800983124603987e-04
-2.403439385708624814e-04
-5.057510771794261834e-04
3.309251882905395528e-04
4.884135107359717856e-04
-2.047962417046596598e-04
-4.256281842248513009e-04
-7.809210008316621178e-05
4.168740306177356894e-04
9.899669118755566322e-01
-5.885123042321655645e-02
8.077575254439222086e-01
-3.534317239279458067e-02
2.188999429445863745e-02
-8.511930396193469542e-03
1.712810629398254375e-02
-8.623797841660766142e-03
1.634464001133652256e-02
3.174809747064426257e-02
-2.804905234934265343e-02
-8.255071837506507831e-03
1.343684469064474439e-02
4.394498749198423072e-03
-6.388402176728921050e-03
-5.496777219246669864e-03
5.276460368150244842e-03
1.442587521961367523e-03
-4.051506235174357276e-03
-1.364404574189017130e-03
1.892098033018060335e-03
2.465787980696983791e-03
-4.137366247928199632e-04
-1.377267295681260887e-03
6.748651725632729944e-04
2.296808590654782960e-04
-7.790941832578272396e-04
-1.096656548944899300e-04
2.647505186131326473e-04
3.803233230395883084e-04
1.289553639520666056e-04
-4.330656486619095607e-04
-1.314321098878408630e-04
5.733162365351211071e-02
6.786808638535415383e-01
-1.829108765744119625e-02
1.126626217346596986e-01
1.441356068599108052e-02
-1.203963855945260064e-02
1.824142919291173517e-02
1.293615595224407826e-02
5.130627378917620822e-03
-3.232665497430581986e-02
-2.407948731669374426e-02
1.653838243027469165e-02
1.275294659421128546e-02
-6.224653563027618582e-03
-2.991126195599746670e-03
3.842674788279032243e-03
6.083237893011478152e-03
-1.402502881127354805e-03
-4.629972974227924455e-03
3.009486981767662845e-04
7.644187809074518740e-04
4.870293689435542441e-04
5.524996941585490250e-04
-8.764136510126000965e-04
-6.307205540262199534e-04
6.914263128768322747e-04
5.571694443742031700e-04
-5.308311375352477851e-04
-4.693081599457220180e-04
2.815489492871009751e-04
5.355283827938004141e-04
-3.462443840734930078e-04
-5.834773824049557887e-04
