1.340818680240534411e+00
-3.689130846968997901e-02
6.901691864525720810e-01
3.180251802570181578e-03
1.288106874106801081e-01
-3.946491926532299556e-03
-7.772452883396500922e-02
-1.876219594504205130e-03
1.696185271778896664e-02
1.645648807791268327e-03
4.977451669709745917e-03
1.017758737632863501e-02
-1.010609353001061745e-03
-1.320708195491716690e-02
-1.299542081351567294e-03
7.616251050997822382e-03
8.948403910383544114e-04
-1.439908350192409736e-03
-1.433284890185831896e-03
-2.601000815072404548e-03
2.287447581910025552e-03
3.489474052267772797e-03
-2.307470381950046077e-03
-2.831751931392829155e-03
1.421890663845161657e-03
1.090863605894727695e-03
-6.315447930299287766e-04
9.675115549163629692e-04
-8.123640823191521356e-04
-1.102048068223189037e-03
1.616081595004797066e-03
5.491718471708499551e-04
-1.717809839029345179e-03
2.340736886287616836e-01
-1.964180827629241066e-01
1.572900080596836558e-01
1.109030174701259586e-01
-5.419178803550332019e-02
-6.838482256783923185e-02
4.058604826220055251e-02
1.154538779943928457e-02
-1.742835611406035740e-02
7.473601739479844401e-03
-2.077604176519417048e-02
-1.130121823949943420e-02
3.239234982338427826e-02
7.356194927762649619e-03
-4.207298783074408209e-03
-2.848053432763233365e-03
-2.584714302393327067e-03
1.033201350704784742e-03
3.616628447404365062e-03
7.308828253089715940e-07
-3.269092319676745496e-03
3.496755436318685546e-04
2.752240093479303273e-03
-8.366123033415473345e-04
-2.161646105022961822e-03
5.893684116136145568e-04
1.284677268349954798e-03
1.504393150727156804e-04
-5.353828308620132417e-04
-8.866404697220221917e-04
2.549692728354604056e-04
9.970600061894668246e-04
-6.511384380711703751e-04
5.338486273483396966e-02
1.002679659185118144e+00
-3.998955687186402791e-02
4.931639516575499205e-02
8.321824197079328786e-03
-5.236434368886631885e-02
1.692154509479659730e-02
-3.458690227779987088e-03
-5.794292111321583394e-03
1.180683362381781953e-02
-2.053533974878407619e-04
-2.018501720777628357e-03
5.387580585474172068e-04
-2.157492126503724166e-03
-2.221577647990174292e-03
2.816350464599861204e-03
3.793972307651723164e-03
-4.200987002168512867e-04
-2.638203978060103816e-03
-1.664363959032636375e-03
6.471886479089593780e-04
2.115239876169643443e-03
1.044820057154634448e-03
-1.555116972646335485e-03
-1.747048411431624841e-03
9.538750841551064648e-04
1.555987211263678638e-03
3.277759020294720429e-04
-6.411807339961848873e-04
-4.131293386726249189e-04
6.065403338677910830e-04
1.056308224692076737e-03
-4.005685474145753841e-04
