1.089102818720428134e+00
-8.847850608576401932e-02
5.373779645094607371e-01
2.019654879208179418e-02
1.653770532796186021e-01
-4.506515278262499674e-02
-8.484185275099941081e-02
1.233272709580604878e-02
1.025681483881265947e-02
5.216911249617343579e-03
2.480605329934490195e-03
-7.457908808809842957e-03
-9.730237428277419692e-03
4.042197755542682215e-03
4.337660926527527570e-03
1.059352805558192150e-03
-5.748537386697182266e-04
-2.900973867217320791e-03
1.383411742985830601e-03
1.709829369435259244e-03
-2.609403485082561081e-03
3.669814803769984898e-04
2.041646192259538410e-03
-1.143143276941612548e-03
-4.014030900507798132e-04
3.259754026723846350e-04
-5.653535302587762252e-04
3.535656965532514307e-06
3.918117108840925788e-04
-5.814337383526025976e-04
-3.074432291417118616e-04
1.931221977732816043e-03
4.931776735213641398e-04
5.816056718874581533e-01
-1.915714865267428013e-01
3.841310493310640672e-01
3.904462319337843879e-02
-1.011268197326325724e-01
-1.705549828781837557e-02
3.408589376558594092e-02
-2.364119011565259196e-03
1.044768218274573154e-02
-1.880144065040748741e-02
-7.353387577616086329e-03
1.038694649804289098e-02
-8.001887817757141145e-05
-2.638547435272928471e-04
-1.733927680025909351e-04
-4.371055705841079587e-03
-3.094654635244581072e-04
2.534056265942379906e-03
-2.376228130455012438e-03
5.724540551112696244e-04
3.304969007976057364e-03
-2.046228539955665445e-03
-1.788200028273342207e-03
1.153787301115762401e-03
5.864799107643547688e-04
1.769146911349047259e-04
-7.911905605964968417e-04
-5.559868668931417564e-04
1.246413932522588046e-03
1.831359815350201323e-04
-9.910904076627939565e-04
1.772361859968901124e-04
7.148908519854647436e-04
1.344848307339135407e-01
7.919794105878480428e-01
-4.008808781721904385e-02
3.947745604931623270e-02
-9.134113755377959096e-03
-1.125437981884619583e-02
2.372989449554555388e-02
-3.843083815126667729e-03
1.211235537959645843e-02
-2.229718231006451272e-03
-7.292684731948638650e-03
-1.813096448850541522e-03
-4.095936844375381788e-03
1.119862846885107078e-03
5.471745334126683867e-03
-1.645259149008119473e-03
-2.238526242220685580e-03
8.315630476910416610e-04
-7.090374752933642716e-04
6.492902956346039952e-04
2.077334825896101633e-03
-1.840311251739662392e-03
-1.543818762564042914e-03
1.513792417381339041e-03
3.581048978727901003e-04
-6.813466038503902551e-04
9.626110677319994692e-05
-1.212559223495732679e-04
-4.042578360360400279e-04
7.716523109283315342e-04
-2.991916649776902920e-04
-1.292140702879735099e-03
6.144457512386494432e-04
