2.235272741820611420e-01
-7.586484580896769858e-02
1.280946810473427289e-01
2.147014053931476096e-01
6.828503543556185829e-02
-5.360157093280813745e-02
7.322665675659289055e-04
4.353991725349555357e-03
2.364733635235305702e-03
-1.015660909875921482e-02
-1.229648212096606276e-02
5.260731105225148301e-03
2.260748387033213359e-05
6.569149163137551033e-04
-4.040758543747550763e-04
-1.185914679037390054e-03
2.378448780941116048e-03
7.153571763720471908e-04
1.474737873278629584e-03
-1.394416920410769187e-03
-3.820713796109034919e-03
1.710620803403197637e-03
2.174848081909178284e-03
-1.119396502475169695e-03
-2.483835493023567236e-05
3.813508366831672202e-04
-6.011294566619811760e-04
8.008018179090956143e-05
2.544243396683256949e-04
-1.521878605002964502e-04
1.613525396430420811e-04
-5.583735926728171703e-05
-1.579773191474939773e-04
9.793804715499715430e-01
-3.107973629091484100e-02
7.145739947971724293e-01
-1.959606802225801608e-02
6.508061040973052956e-04
-3.111659971026845429e-03
3.015896012661246559e-02
-1.735762195913679879e-03
-3.247347835004998125e-03
6.247460642261123444e-03
-8.510074409621405656e-03
-2.395447872458896996e-03
5.528227501100019259e-03
-1.995286759626596575e-04
-3.483061423628355455e-04
-1.201018732240053462e-04
2.769448827145491298e-04
-1.545135701905010186e-04
-1.760504940529804187e-03
-3.954775081249048722e-05
1.514080197078116093e-03
1.113731444904718501e-03
-6.368311525517762533e-04
-1.236419443399296115e-03
4.615647899392065229e-04
5.438606964910902390e-04
-4.545932914541402168e-04
-1.125676266924061753e-04
2.500810288462114233e-04
1.147787392068454112e-04
-6.667842977480804140e-05
-5.595438958992503812e-05
2.262351466267796044e-05
6.834609736964498972e-02
5.937482272503051828e-01
6.582539912052029485e-03
8.615796219871021955e-02
1.559017119457425590e-02
-3.933498211804528459e-03
-2.549431906685066442e-03
3.678668232033164447e-04
-5.320972752005755611e-03
-9.682258413838715910e-03
-7.903439519246938799e-03
1.071730416160816303e-02
1.142370450234132979e-02
-4.017404790993534154e-03
-1.832249658060393057e-03
-1.146425421215283317e-03
-5.965995107230488790e-04
1.199692815609089847e-03
-3.378150969156878676e-04
-2.888592049585508165e-04
-4.405556035034397942e-04
4.761184051700397012e-04
9.488606072980219214e-04
-5.695285038576181980e-04
-8.497340964582405847e-04
3.908564880271263873e-04
7.807315550089603427e-04
-2.983921187676568136e-04
-5.349241054665568101e-04
1.229245551303826387e-04
3.350286214255533950e-04
-5.394247454764575326e-05
-1.983121518793852294e-04
