4.163501437439224295e-01
4.253806205742790558e-01
3.506118169148147445e-01
9.892660790901049994e-01
6.776212186935934301e-02
8.613577900799430642e-01
5.009329222275278604e-02
-1.293538827881906585e-02
-8.332813032969824249e-04
3.903593387900210210e-02
-1.019575463938499071e-02
-4.453941786681727549e-02
8.041926020506233452e-03
8.148294616497653645e-03
-3.115277831828802517e-03
-4.350398282623512379e-03
2.596073840630376355e-04
9.103313169157235991e-04
2.587201954528641368e-03
4.429220599247442672e-03
-5.280036367984923019e-03
-3.867858743194727607e-03
4.391864145679014522e-03
-1.933769360522677580e-03
-4.685403544740667273e-04
1.548366411988675835e-03
-9.882094419727059219e-04
-2.743255579946626420e-04
1.591841333828666188e-03
-3.758233152571283553e-04
2.425338827133794318e-04
-3.338888280503865178e-04
5.358251572783571812e-05
-6.872759504482155689e-04
-1.722392013326101722e-04
4.353404738823460048e-04
3.305434923025311056e-01
1.487259834398598490e-01
2.848925988854784652e-01
-2.143355630922884059e-01
1.032800763437562580e-01
9.622429980983390752e-02
3.912902306361380755e-02
-1.977231555112368006e-02
3.869513280168417058e-02
1.755533492246528354e-02
-1.089200515675014906e-02
5.413322650737173274e-03
-4.198400245456143827e-03
-2.058307323572966877e-02
-2.570763888424861671e-03
6.484622243752319326e-03
5.507966250416675667e-03
7.893512646716394077e-03
2.737962872602558171e-04
-5.150534193143528963e-03
-1.614103935028665584e-03
5.283191153551135581e-04
1.614341316155666574e-03
-1.924145877661346312e-03
-6.719520095139748603e-04
1.504435776176244084e-03
2.179971296547065336e-04
6.683284035611048238e-04
9.430190593678453752e-05
-2.196090906829876804e-04
-3.315229303230384207e-06
7.252192109689317061e-04
-4.032981780890456400e-04
-9.148209460629835865e-02
6.495973512020755125e-01
-9.712188699545137383e-04
1.870696309499531029e-01
-5.055388276269213998e-02
-2.636620095470993547e-02
4.810589057266050073e-02
-5.169736424079544347e-03
-1.471592321178189638e-02
8.146796093164907632e-03
1.330647591842107347e-03
2.421263255610608088e-03
-6.415644703930838827e-03
1.615064759432151753e-03
1.613988515104555375e-03
-4.454567890334137567e-03
2.054425841640964302e-03
1.624925333883143509e-03
3.639342337521285498e-04
-3.091431957590063404e-04
-2.782636489830177511e-03
9.017442014389120237e-05
2.594401291173614385e-03
9.013297694982796331e-04
-4.947047868880422462e-04
-1.279245353611323200e-03
4.199364309713529914e-04
1.463314295561886661e-03
7.764105747270640644e-04
-8.571626375616041684e-04
-6.783400462106438595e-04
-4.256333573641146956e-05
-4.722298416662161144e-04
7.358702062843451852e-01
4.599404149356898369e-02
4.814612088710478743e-01
2.818003564458204310e-02
-7.012421946638117132e-02
-2.549907734334344329e-03
2.154250659875575277e-02
-2.619273929939096995e-02
-2.766369734588241657e-03
2.535923126101514470e-03
-2.442728712911974593e-03
4.780873247557071784e-03
1.241678303391467513e-03
-1.725067851818159678e-03
8.070536182319254645e-04
-4.083724303084303804e-04
-1.501398588323321842e-03
4.730478819321651957e-04
7.308603765726038887e-04
-1.398962032984756867e-04
2.278384777515280523e-05
4.929377530270841530e-06
-2.003051547190883583e-04
2.748563966027213324e-05
7.294029270678814537e-05
-1.781882155314125303e-05
2.763940474445745313e-05
-2.619445656357130569e-06
-3.378524546599680168e-05
6.008716583003700979e-06
1.134681661833490865e-05
-1.017233000728167245e-05
-2.484698429373996201e-06
7.980247665663907641e-01
1.072213323676547564e-01
3.702568897416784188e-01
-7.706582874109509096e-02
1.414326767144254982e-01
4.635469073848905164e-02
-3.294961003299379243e-02
1.580413727501169333e-02
5.894027604531034206e-03
-1.174325008999752701e-02
-2.762710096795814238e-03
3.623427788281307661e-03
1.407551019813177949e-03
1.273248008354533906e-03
-2.272024523229940532e-05
-1.340584931841061695e-03
-2.043923811262800760e-04
3.716309195831236424e-04
-5.136295378800965128e-04
3.952761008901992183e-05
4.328527186722597869e-04
-1.028755039661135716e-04
-7.799722383068793084e-05
4.884191173854235933e-05
-6.982380160900297046e-05
9.039999123276521898e-07
4.294046847593681424e-05
-1.711935174284094914e-05
1.791563825728586919e-06
1.731437322818684833e-05
-1.063157077423559127e-05
-5.274943039612539761e-07
4.930865773188402065e-06
-1.706982233299787211e-01
5.674350173111523121e-01
7.223531107512912164e-02
3.645483093952094772e-02
-4.541450890616751529e-02
1.668483840468780108e-02
2.881724206163749271e-03
-6.653110809495539450e-03
2.501484986346563561e-04
2.115163731795202326e-03
-6.604752335999412513e-04
-2.302164454253912036e-03
-1.110492743681781120e-03
9.510491263306386934e-04
-5.075196843153366054e-04
-7.004390146832092587e-04
5.756224514454587327e-04
1.806230833981493705e-04
-1.083527146936385214e-04
-6.964903053868723735e-06
-4.294876176563357348e-05
-4.901202832903836542e-06
3.483999692436849280e-05
-2.070463566208236879e-05
-6.723885913411687814e-06
2.324973809914406735e-05
-6.563371819523406932e-07
-1.039827786253786210e-05
7.417497231758563256e-06
4.140328494520410486e-06
-6.336946957084793321e-06
-1.698358748838171057e-06
2.400523178652725606e-08
4.752700500519049798e-01
7.754182585309860043e-02
2.926562718656545159e-01
-2.345205472748592215e-02
-9.580635560602820955e-02
5.934274281941231445e-03
2.372013534675010069e-02
-2.074489740024083179e-02
1.832195356359395122e-02
3.315491080564580452e-03
-2.463791201902092165e-03
1.047967054724912228e-03
-2.842339520998955500e-03
-2.243024995547764598e-04
1.502700061117244121e-03
-3.526911458972742169e-04
-1.380789147876892145e-05
1.976300882636697462e-04
-3.101132748667005169e-04
7.375521140682776797e-05
1.460910267708767423e-04
-1.288762436097918348e-04
-4.440042051303956608e-05
4.021559479812333897e-05
1.611354898108769722e-05
1.297083027697625174e-05
-9.316401902855093930e-06
-1.100149286614879128e-05
2.906611961662593983e-06
4.525256949937998470e-06
2.280216365336851625e-06
4.434753561865960616e-06
-5.062364144790097477e-06
1.100471523850629518e+00
4.147067540169921407e-02
4.352219810911325260e-01
-2.636893558725424396e-03
9.575703749455365121e-02
1.144240831925471581e-02
-3.649794612469987876e-02
1.087167846452811136e-02
-5.615392496019799319e-03
-9.036768483471874225e-03
4.453167913133064884e-03
3.251751995440733522e-03
-2.180525402660971404e-03
4.566344024493584311e-04
-7.445653828650430385e-04
-1.001375774211942264e-03
6.947928793915647333e-04
8.257416294266790250e-05
2.854373218526353074e-05
1.652349627223972147e-04
-1.605279958599205043e-04
-4.994277757224184841e-05
8.044517919632300214e-05
-2.532654922390214095e-05
-1.269452426821753554e-05
2.428057735819010756e-05
-7.723671460679653384e-07
-3.731680449943830081e-06
-3.523465429643531244e-06
-4.056237309659508260e-06
3.788284005996205304e-06
2.656286782149677072e-06
-1.421127148292514409e-07
-1.366201047216405451e-01
6.164454738736545591e-01
8.819777373067573534e-02
9.647145692758152258e-03
-9.090186212917135411e-03
-7.527713981956187916e-04
-2.368695946354069937e-02
4.335882427913581951e-04
4.355214637035089223e-03
-2.095763645049762355e-03
1.435729941116947240e-04
-5.345193570530832900e-04
1.151984917569618804e-03
-6.883909722531300157e-05
-9.213315343040953849e-04
1.937638868866181901e-04
7.993671898853238738e-04
-6.824284865911162828e-05
-3.636732161440783427e-05
7.664894420355188108e-05
-1.588855809620045721e-04
-3.604783881474916192e-05
7.027030666233088094e-05
1.078013735060065530e-05
2.271924057064677455e-06
1.270301254155859815e-06
-1.572693571998188378e-05
-6.846062013132271537e-06
5.033591548792963037e-07
2.990822217167416312e-06
9.591351499483758846e-06
-3.982229557554797772e-08
-5.492824511563722270e-06
1.590263426674231595e-01
9.456116838325751006e-02
1.062442044111390621e-01
-7.284020209980739125e-02
-6.507443011945591993e-02
1.858598034990589440e-02
1.984203151860886721e-02
1.919169507535236794e-03
2.088761493454413185e-02
6.946928091784156881e-04
-2.170308326050223845e-03
-4.937179495945919405e-04
-2.122484615475481780e-03
-7.009063711188061514e-05
1.172062751308622711e-03
3.866779158528035193e-04
-3.885625135830075134e-04
-3.201412703530011317e-04
9.430124855612916036e-05
6.312382455396832882e-05
-2.397173111962140908e-05
4.388902805331111124e-05
2.401873287113673189e-05
-2.982822435968800345e-05
-8.607874516229875936e-06
1.108270896841698513e-05
4.888059432493016453e-11
-2.459205887868182055e-06
2.140123238142807924e-06
3.974608340196717685e-06
2.609268744383955444e-07
-1.419695908366296135e-06
-4.649390753890214399e-06
1.243735001097826531e+00
-4.622634216608194346e-02
4.363251922190956034e-01
5.012712823199731368e-03
3.435899868328831652e-02
4.695261349970714787e-03
-1.987003779243617235e-02
2.074836694848200991e-04
-2.528595433623848435e-03
-2.498460284374574760e-03
3.046554444498890315e-03
-7.307795430285948324e-04
-1.000173986759477765e-03
1.706157341302059249e-05
-5.754193951416978732e-04
6.907276804274132273e-05
6.115450306940306644e-04
1.286367731145919644e-04
-7.845623141500019521e-06
-6.897985417594195096e-05
-1.174173344674943407e-04
7.808432878221932484e-06
4.524681619865262352e-05
6.467589079579708086e-06
-6.410383837958351911e-06
-3.110554020542359843e-06
2.536279848815684604e-07
-2.778955793266132706e-06
-1.295323993476336826e-06
4.533518325497473639e-06
1.139852840053228091e-06
-5.626108943760921780e-08
-4.953037727058733907e-07
-4.902298258402273262e-02
6.101705866238976705e-01
1.116419669701110839e-01
1.319142910958921375e-02
6.262145577822209562e-03
-2.414517757046644869e-02
-2.667570971643327613e-02
2.909180141349364430e-03
3.055988077459770736e-03
2.112043148872211520e-06
3.644388353515215506e-03
2.287301583562691381e-04
1.223723451873405847e-04
-8.909537387332227523e-05
-5.130842361949084895e-04
1.824383823895015910e-04
1.521729408042967510e-04
1.916716517574969594e-04
-1.062385080828357544e-04
-1.843055146470438715e-04
2.251967679167628288e-05
4.266876082872901019e-05
-1.048433014985350060e-05
9.214765378977063346e-06
1.681542991037242540e-05
-6.282685163119841261e-06
-1.329057702457391135e-05
-1.428217898642649679e-06
8.067365085038458175e-06
3.110648218815435779e-06
-4.595634930662893134e-07
-1.043430928040405164e-06
-2.081161192292652760e-06
